20190524,ShengShi9,ShengShi9-pm,LivePnl,-7706.443551005921
20190527,ShengShi9,ShengShi9-pm,LivePnl,-9665.742698996099
20190528,ShengShi9,ShengShi9-pm,LivePnl,24600.852851999534
20190529,ShengShi9,ShengShi9-pm,LivePnl,25067.55487200019
20190530,ShengShi9,ShengShi9-pm,LivePnl,9781.57443599678
20190531,ShengShi9,ShengShi9-pm,LivePnl,1557.9530010008727
20190603,ShengShi9,ShengShi9-pm,LivePnl,-9488.074838996588
20190604,ShengShi9,ShengShi9-pm,LivePnl,-4590.257667001091
20190605,ShengShi9,ShengShi9-pm,LivePnl,-38499.29305500024
20190606,ShengShi9,ShengShi9-pm,LivePnl,4655.523144006412
20190610,ShengShi9,ShengShi9-pm,LivePnl,-1523.7248940002737
20190611,ShengShi9,ShengShi9-pm,LivePnl,18674.458070997738
20190612,ShengShi9,ShengShi9-pm,LivePnl,10163.22490498704
20190613,ShengShi9,ShengShi9-pm,LivePnl,21811.768383000246
20190614,ShengShi9,ShengShi9-pm,LivePnl,-1061.7272369998636
20190618,ShengShi9,ShengShi9-pm,LivePnl,-1343.4191300000273
20190619,ShengShi9,ShengShi9-pm,LivePnl,1762.0805
20190620,ShengShi9,ShengShi9-pm,LivePnl,220.799755
20190621,ShengShi9,ShengShi9-pm,LivePnl,-2736.0088874999997
20190624,ShengShi9,ShengShi9-pm,LivePnl,1019.9081125
20190625,ShengShi9,ShengShi9-pm,LivePnl,8.141324999959124
20190626,ShengShi9,ShengShi9-pm,LivePnl,-7116.131874999987
20190627,ShengShi9,ShengShi9-pm,LivePnl,-9936.1128625
20190628,ShengShi9,ShengShi9-pm,LivePnl,-10604.57805
20190701,ShengShi9,ShengShi9-pm,LivePnl,-535.085
20190702,ShengShi9,ShengShi9-pm,LivePnl,2616.614525
20190703,ShengShi9,ShengShi9-pm,LivePnl,7686.49713500002
20190704,ShengShi9,ShengShi9-pm,LivePnl,-4187.1803725000045
20190705,ShengShi9,ShengShi9-pm,LivePnl,9612.338
20190708,ShengShi9,ShengShi9-pm,LivePnl,-13275.446125
20190524,ShengShi9,ShengShi9-pm,PmPnlByInitX,-5608.547097374687
20190527,ShengShi9,ShengShi9-pm,PmPnlByInitX,-11164.48772920093
20190528,ShengShi9,ShengShi9-pm,PmPnlByInitX,10282.892556792009
20190529,ShengShi9,ShengShi9-pm,PmPnlByInitX,17388.414484142482
20190530,ShengShi9,ShengShi9-pm,PmPnlByInitX,19712.48324499517
20190531,ShengShi9,ShengShi9-pm,PmPnlByInitX,-1051.5657214619723
20190603,ShengShi9,ShengShi9-pm,PmPnlByInitX,-32693.6230803104
20190604,ShengShi9,ShengShi9-pm,PmPnlByInitX,-4261.149743524373
20190605,ShengShi9,ShengShi9-pm,PmPnlByInitX,-17816.919330326942
20190606,ShengShi9,ShengShi9-pm,PmPnlByInitX,638.0027058887481
20190610,ShengShi9,ShengShi9-pm,PmPnlByInitX,8426.154451629205
20190611,ShengShi9,ShengShi9-pm,PmPnlByInitX,26614.46801135692
20190612,ShengShi9,ShengShi9-pm,PmPnlByInitX,6586.468717565814
20190613,ShengShi9,ShengShi9-pm,PmPnlByInitX,26055.975525480324
20190614,ShengShi9,ShengShi9-pm,PmPnlByInitX,7133.427389207618
20190618,ShengShi9,ShengShi9-pm,PmPnlByInitX,-8717.280836861999
20190619,ShengShi9,ShengShi9-pm,PmPnlByInitX,4167.61791795
20190620,ShengShi9,ShengShi9-pm,PmPnlByInitX,2360.7846625575007
20190621,ShengShi9,ShengShi9-pm,PmPnlByInitX,-752.6304000000002
20190624,ShengShi9,ShengShi9-pm,PmPnlByInitX,3749.7308000000007
20190625,ShengShi9,ShengShi9-pm,PmPnlByInitX,6535.4029
20190626,ShengShi9,ShengShi9-pm,PmPnlByInitX,-2056.0992000000015
20190627,ShengShi9,ShengShi9-pm,PmPnlByInitX,7042.287100000001
20190628,ShengShi9,ShengShi9-pm,PmPnlByInitX,-8446.8456
20190701,ShengShi9,ShengShi9-pm,PmPnlByInitX,-444.95630000000006
20190702,ShengShi9,ShengShi9-pm,PmPnlByInitX,5036.845735250001
20190703,ShengShi9,ShengShi9-pm,PmPnlByInitX,674.6571235654995
20190704,ShengShi9,ShengShi9-pm,PmPnlByInitX,3640.169066991138
20190705,ShengShi9,ShengShi9-pm,PmPnlByInitX,14422.051025609077
20190708,ShengShi9,ShengShi9-pm,PmPnlByInitX,-12697.127180355114
20190524,ShengShi9,ShengShi9-sub,ShengShi9,-7706.443551005921
20190527,ShengShi9,ShengShi9-sub,ShengShi9,-9665.742698996099
20190528,ShengShi9,ShengShi9-sub,ShengShi9,24600.852851999534
20190529,ShengShi9,ShengShi9-sub,ShengShi9,25067.55487200019
20190530,ShengShi9,ShengShi9-sub,ShengShi9,9781.57443599678
20190531,ShengShi9,ShengShi9-sub,ShengShi9,1557.9530010008727
20190603,ShengShi9,ShengShi9-sub,ShengShi9,-9488.074838996588
20190604,ShengShi9,ShengShi9-sub,ShengShi9,-4590.257667001091
20190605,ShengShi9,ShengShi9-sub,ShengShi9,-38499.29305500024
20190606,ShengShi9,ShengShi9-sub,ShengShi9,4655.523144006412
20190610,ShengShi9,ShengShi9-sub,ShengShi9,-1523.7248940002737
20190611,ShengShi9,ShengShi9-sub,ShengShi9,18674.458070997738
20190612,ShengShi9,ShengShi9-sub,ShengShi9,10163.22490498704
20190613,ShengShi9,ShengShi9-sub,ShengShi9,21811.768383000246
20190614,ShengShi9,ShengShi9-sub,ShengShi9,-1061.7272369998636
20190618,ShengShi9,ShengShi9-sub,ShengShi9,-1343.4191300000273
20190619,ShengShi9,ShengShi9-sub,ShengShi9,1762.0805
20190620,ShengShi9,ShengShi9-sub,ShengShi9,220.799755
20190621,ShengShi9,ShengShi9-sub,ShengShi9,-2736.0088874999997
20190624,ShengShi9,ShengShi9-sub,ShengShi9,1019.9081125
20190625,ShengShi9,ShengShi9-sub,ShengShi9,8.141324999959124
20190626,ShengShi9,ShengShi9-sub,ShengShi9,-7116.131874999987
20190627,ShengShi9,ShengShi9-sub,ShengShi9,-9936.1128625
20190628,ShengShi9,ShengShi9-sub,ShengShi9,-10604.57805
20190701,ShengShi9,ShengShi9-sub,ShengShi9,-535.085
20190702,ShengShi9,ShengShi9-sub,ShengShi9,2616.614525
20190703,ShengShi9,ShengShi9-sub,ShengShi9,7686.49713500002
20190704,ShengShi9,ShengShi9-sub,ShengShi9,-4187.1803725000045
20190705,ShengShi9,ShengShi9-sub,ShengShi9,9612.338
20190708,ShengShi9,ShengShi9-sub,ShengShi9,-13275.446125
20190524,ShengShi9,ShengShi9-sub,819198,-7706.443551005921
20190527,ShengShi9,ShengShi9-sub,819198,-9665.742698996099
20190528,ShengShi9,ShengShi9-sub,819198,24600.852851999534
20190529,ShengShi9,ShengShi9-sub,819198,25067.55487200019
20190530,ShengShi9,ShengShi9-sub,819198,9781.57443599678
20190531,ShengShi9,ShengShi9-sub,819198,1557.9530010008727
20190603,ShengShi9,ShengShi9-sub,819198,-9488.074838996588
20190604,ShengShi9,ShengShi9-sub,819198,-4590.257667001091
20190605,ShengShi9,ShengShi9-sub,819198,-38499.29305500024
20190606,ShengShi9,ShengShi9-sub,819198,4655.523144006412
20190610,ShengShi9,ShengShi9-sub,819198,-1523.7248940002737
20190611,ShengShi9,ShengShi9-sub,819198,18674.458070997738
20190612,ShengShi9,ShengShi9-sub,819198,10163.22490498704
20190613,ShengShi9,ShengShi9-sub,819198,21811.768383000246
20190614,ShengShi9,ShengShi9-sub,819198,-1061.7272369998636
20190618,ShengShi9,ShengShi9-sub,819198,-1343.4191300000273
20190619,ShengShi9,ShengShi9-sub,819198,1762.0805
20190620,ShengShi9,ShengShi9-sub,819198,220.799755
20190621,ShengShi9,ShengShi9-sub,819198,-2736.0088874999997
20190624,ShengShi9,ShengShi9-sub,819198,1019.9081125
20190625,ShengShi9,ShengShi9-sub,819198,8.141324999959124
20190626,ShengShi9,ShengShi9-sub,819198,-7116.131874999987
20190627,ShengShi9,ShengShi9-sub,819198,-9936.1128625
20190628,ShengShi9,ShengShi9-sub,819198,-10604.57805
20190701,ShengShi9,ShengShi9-sub,819198,-535.085
20190702,ShengShi9,ShengShi9-sub,819198,2616.614525
20190703,ShengShi9,ShengShi9-sub,819198,7686.49713500002
20190704,ShengShi9,ShengShi9-sub,819198,-4187.1803725000045
20190705,ShengShi9,ShengShi9-sub,819198,9612.338
20190708,ShengShi9,ShengShi9-sub,819198,-13275.446125
20190524,ShengShi9*819198,819198-pm,LivePnl,-7706.443551005921
20190527,ShengShi9*819198,819198-pm,LivePnl,-9665.742698996099
20190528,ShengShi9*819198,819198-pm,LivePnl,24600.852851999534
20190529,ShengShi9*819198,819198-pm,LivePnl,25067.55487200019
20190530,ShengShi9*819198,819198-pm,LivePnl,9781.57443599678
20190531,ShengShi9*819198,819198-pm,LivePnl,1557.9530010008727
20190603,ShengShi9*819198,819198-pm,LivePnl,-9488.074838996588
20190604,ShengShi9*819198,819198-pm,LivePnl,-4590.257667001091
20190605,ShengShi9*819198,819198-pm,LivePnl,-38499.29305500024
20190606,ShengShi9*819198,819198-pm,LivePnl,4655.523144006412
20190610,ShengShi9*819198,819198-pm,LivePnl,-1523.7248940002737
20190611,ShengShi9*819198,819198-pm,LivePnl,18674.458070997738
20190612,ShengShi9*819198,819198-pm,LivePnl,10163.22490498704
20190613,ShengShi9*819198,819198-pm,LivePnl,21811.768383000246
20190614,ShengShi9*819198,819198-pm,LivePnl,-1061.7272369998636
20190618,ShengShi9*819198,819198-pm,LivePnl,-1343.4191300000273
20190619,ShengShi9*819198,819198-pm,LivePnl,1762.0805
20190620,ShengShi9*819198,819198-pm,LivePnl,220.799755
20190621,ShengShi9*819198,819198-pm,LivePnl,-2736.0088874999997
20190624,ShengShi9*819198,819198-pm,LivePnl,1019.9081125
20190625,ShengShi9*819198,819198-pm,LivePnl,8.141324999959124
20190626,ShengShi9*819198,819198-pm,LivePnl,-7116.131874999987
20190627,ShengShi9*819198,819198-pm,LivePnl,-9936.1128625
20190628,ShengShi9*819198,819198-pm,LivePnl,-10604.57805
20190701,ShengShi9*819198,819198-pm,LivePnl,-535.085
20190702,ShengShi9*819198,819198-pm,LivePnl,2616.614525
20190703,ShengShi9*819198,819198-pm,LivePnl,7686.49713500002
20190704,ShengShi9*819198,819198-pm,LivePnl,-4187.1803725000045
20190705,ShengShi9*819198,819198-pm,LivePnl,9612.338
20190708,ShengShi9*819198,819198-pm,LivePnl,-13275.446125
20190524,ShengShi9*819198,819198-pm,PmPnlByInitX,-5608.547097374687
20190527,ShengShi9*819198,819198-pm,PmPnlByInitX,-11164.48772920093
20190528,ShengShi9*819198,819198-pm,PmPnlByInitX,10282.892556792009
20190529,ShengShi9*819198,819198-pm,PmPnlByInitX,17388.414484142482
20190530,ShengShi9*819198,819198-pm,PmPnlByInitX,19712.48324499517
20190531,ShengShi9*819198,819198-pm,PmPnlByInitX,-1051.5657214619723
20190603,ShengShi9*819198,819198-pm,PmPnlByInitX,-32693.6230803104
20190604,ShengShi9*819198,819198-pm,PmPnlByInitX,-4261.149743524373
20190605,ShengShi9*819198,819198-pm,PmPnlByInitX,-17816.919330326942
20190606,ShengShi9*819198,819198-pm,PmPnlByInitX,638.0027058887481
20190610,ShengShi9*819198,819198-pm,PmPnlByInitX,8426.154451629205
20190611,ShengShi9*819198,819198-pm,PmPnlByInitX,26614.46801135692
20190612,ShengShi9*819198,819198-pm,PmPnlByInitX,6586.468717565814
20190613,ShengShi9*819198,819198-pm,PmPnlByInitX,26055.975525480324
20190614,ShengShi9*819198,819198-pm,PmPnlByInitX,7133.427389207618
20190618,ShengShi9*819198,819198-pm,PmPnlByInitX,-8717.280836861999
20190619,ShengShi9*819198,819198-pm,PmPnlByInitX,4167.61791795
20190620,ShengShi9*819198,819198-pm,PmPnlByInitX,2360.7846625575007
20190621,ShengShi9*819198,819198-pm,PmPnlByInitX,-752.6304000000002
20190624,ShengShi9*819198,819198-pm,PmPnlByInitX,3749.7308000000007
20190625,ShengShi9*819198,819198-pm,PmPnlByInitX,6535.4029
20190626,ShengShi9*819198,819198-pm,PmPnlByInitX,-2056.0992000000015
20190627,ShengShi9*819198,819198-pm,PmPnlByInitX,7042.287100000001
20190628,ShengShi9*819198,819198-pm,PmPnlByInitX,-8446.8456
20190701,ShengShi9*819198,819198-pm,PmPnlByInitX,-444.95630000000006
20190702,ShengShi9*819198,819198-pm,PmPnlByInitX,5036.845735250001
20190703,ShengShi9*819198,819198-pm,PmPnlByInitX,674.6571235654995
20190704,ShengShi9*819198,819198-pm,PmPnlByInitX,3640.169066991138
20190705,ShengShi9*819198,819198-pm,PmPnlByInitX,14422.051025609077
20190708,ShengShi9*819198,819198-pm,PmPnlByInitX,-12697.127180355114
20190524,ShengShi9*819198,819198-sub,819198,-7706.443551005921
20190527,ShengShi9*819198,819198-sub,819198,-9665.742698996099
20190528,ShengShi9*819198,819198-sub,819198,24600.852851999534
20190529,ShengShi9*819198,819198-sub,819198,25067.55487200019
20190530,ShengShi9*819198,819198-sub,819198,9781.57443599678
20190531,ShengShi9*819198,819198-sub,819198,1557.9530010008727
20190603,ShengShi9*819198,819198-sub,819198,-9488.074838996588
20190604,ShengShi9*819198,819198-sub,819198,-4590.257667001091
20190605,ShengShi9*819198,819198-sub,819198,-38499.29305500024
20190606,ShengShi9*819198,819198-sub,819198,4655.523144006412
20190610,ShengShi9*819198,819198-sub,819198,-1523.7248940002737
20190611,ShengShi9*819198,819198-sub,819198,18674.458070997738
20190612,ShengShi9*819198,819198-sub,819198,10163.22490498704
20190613,ShengShi9*819198,819198-sub,819198,21811.768383000246
20190614,ShengShi9*819198,819198-sub,819198,-1061.7272369998636
20190618,ShengShi9*819198,819198-sub,819198,-1343.4191300000273
20190619,ShengShi9*819198,819198-sub,819198,1762.0805
20190620,ShengShi9*819198,819198-sub,819198,220.799755
20190621,ShengShi9*819198,819198-sub,819198,-2736.0088874999997
20190624,ShengShi9*819198,819198-sub,819198,1019.9081125
20190625,ShengShi9*819198,819198-sub,819198,8.141324999959124
20190626,ShengShi9*819198,819198-sub,819198,-7116.131874999987
20190627,ShengShi9*819198,819198-sub,819198,-9936.1128625
20190628,ShengShi9*819198,819198-sub,819198,-10604.57805
20190701,ShengShi9*819198,819198-sub,819198,-535.085
20190702,ShengShi9*819198,819198-sub,819198,2616.614525
20190703,ShengShi9*819198,819198-sub,819198,7686.49713500002
20190704,ShengShi9*819198,819198-sub,819198,-4187.1803725000045
20190705,ShengShi9*819198,819198-sub,819198,9612.338
20190708,ShengShi9*819198,819198-sub,819198,-13275.446125
20190524,ShengShi9*819198,819198-sub,CnCom.Id807045.IhIfGlb_MRS,-7706.443551005921
20190527,ShengShi9*819198,819198-sub,CnCom.Id807045.IhIfGlb_MRS,-9665.742698996099
20190528,ShengShi9*819198,819198-sub,CnCom.Id807045.IhIfGlb_MRS,24600.852851999534
20190529,ShengShi9*819198,819198-sub,CnCom.Id807045.IhIfGlb_MRS,25067.55487200019
20190530,ShengShi9*819198,819198-sub,CnCom.Id807045.IhIfGlb_MRS,9781.57443599678
20190531,ShengShi9*819198,819198-sub,CnCom.Id807045.IhIfGlb_MRS,1557.9530010008727
20190603,ShengShi9*819198,819198-sub,CnCom.Id807045.IhIfGlb_MRS,-9488.074838996588
20190604,ShengShi9*819198,819198-sub,CnCom.Id807045.IhIfGlb_MRS,-4590.257667001091
20190605,ShengShi9*819198,819198-sub,CnCom.Id807045.IhIfGlb_MRS,-38499.29305500024
20190606,ShengShi9*819198,819198-sub,CnCom.Id807045.IhIfGlb_MRS,4655.523144006412
20190610,ShengShi9*819198,819198-sub,CnCom.Id807045.IhIfGlb_MRS,-1523.7248940002737
20190611,ShengShi9*819198,819198-sub,CnCom.Id807045.IhIfGlb_MRS,18674.458070997738
20190612,ShengShi9*819198,819198-sub,CnCom.Id807045.IhIfGlb_MRS,10163.22490498704
20190613,ShengShi9*819198,819198-sub,CnCom.Id807045.IhIfGlb_MRS,21811.768383000246
20190614,ShengShi9*819198,819198-sub,CnCom.Id807045.IhIfGlb_MRS,-1061.7272369998636
20190702,ShengShi9*819198,819198-sub,CnCom.Id807035.CalArbAll2N,2958.25
20190703,ShengShi9*819198,819198-sub,CnCom.Id807035.CalArbAll2N,-2506.25
20190704,ShengShi9*819198,819198-sub,CnCom.Id807035.CalArbAll2N,40.0
20190705,ShengShi9*819198,819198-sub,CnCom.Id807035.CalArbAll2N,-3006.0
20190703,ShengShi9*819198,819198-sub,Id807035.MFA_T0_C,6493.266010000001
20190704,ShengShi9*819198,819198-sub,Id807035.MFA_T0_C,-6329.7094475
20190705,ShengShi9*819198,819198-sub,Id807035.MFA_T0_C,403.2760750000002
20190708,ShengShi9*819198,819198-sub,Id807035.MFA_T0_C,-3216.70435
20190620,ShengShi9*819198,819198-sub,CnCom.Id807012_VsScL1_Old,714.098505
20190621,ShengShi9*819198,819198-sub,CnCom.Id807012_VsScL1_Old,-2736.0088874999997
20190624,ShengShi9*819198,819198-sub,CnCom.Id807012_VsScL1_Old,1019.9081125
20190625,ShengShi9*819198,819198-sub,CnCom.Id807012_VsScL1_Old,8.141324999959124
20190626,ShengShi9*819198,819198-sub,CnCom.Id807012_VsScL1_Old,-7116.131874999987
20190627,ShengShi9*819198,819198-sub,CnCom.Id807012_VsScL1_Old,-9936.1128625
20190628,ShengShi9*819198,819198-sub,CnCom.Id807012_VsScL1_Old,-10604.57805
20190618,ShengShi9*819198,819198-sub,CnCom.Id807012.CnOilS2L1,-1343.4191300000273
20190619,ShengShi9*819198,819198-sub,CnCom.Id807012.CnOilS2L1,1762.0805
20190620,ShengShi9*819198,819198-sub,CnCom.Id807012.CnOilS2L1,-493.29875000000004
20190703,ShengShi9*819198,819198-sub,Id807035.MFA_T0_B,2959.751700000019
20190704,ShengShi9*819198,819198-sub,Id807035.MFA_T0_B,2367.3850999999954
20190705,ShengShi9*819198,819198-sub,Id807035.MFA_T0_B,11850.0
20190708,ShengShi9*819198,819198-sub,Id807035.MFA_T0_B,-9861.87645
20190701,ShengShi9*819198,819198-sub,CnCom.Id807012_VsScL1,-535.085
20190702,ShengShi9*819198,819198-sub,CnCom.Id807012_VsScL1,-341.63547500000004
20190703,ShengShi9*819198,819198-sub,CnCom.Id807012_VsScL1,739.729425
20190704,ShengShi9*819198,819198-sub,CnCom.Id807012_VsScL1,-264.856025
20190705,ShengShi9*819198,819198-sub,CnCom.Id807012_VsScL1,365.06192500000003
20190708,ShengShi9*819198,819198-sub,CnCom.Id807012_VsScL1,-196.86532499999998
20190524,ShengShi9*819198*CnCom.Id807045.IhIfGlb_MRS,CnCom.Id807045.IhIfGlb_MRS-pm,LivePnl,-7706.443551005921
20190527,ShengShi9*819198*CnCom.Id807045.IhIfGlb_MRS,CnCom.Id807045.IhIfGlb_MRS-pm,LivePnl,-9665.742698996099
20190528,ShengShi9*819198*CnCom.Id807045.IhIfGlb_MRS,CnCom.Id807045.IhIfGlb_MRS-pm,LivePnl,24600.852851999534
20190529,ShengShi9*819198*CnCom.Id807045.IhIfGlb_MRS,CnCom.Id807045.IhIfGlb_MRS-pm,LivePnl,25067.55487200019
20190530,ShengShi9*819198*CnCom.Id807045.IhIfGlb_MRS,CnCom.Id807045.IhIfGlb_MRS-pm,LivePnl,9781.57443599678
20190531,ShengShi9*819198*CnCom.Id807045.IhIfGlb_MRS,CnCom.Id807045.IhIfGlb_MRS-pm,LivePnl,1557.9530010008727
20190603,ShengShi9*819198*CnCom.Id807045.IhIfGlb_MRS,CnCom.Id807045.IhIfGlb_MRS-pm,LivePnl,-9488.074838996588
20190604,ShengShi9*819198*CnCom.Id807045.IhIfGlb_MRS,CnCom.Id807045.IhIfGlb_MRS-pm,LivePnl,-4590.257667001091
20190605,ShengShi9*819198*CnCom.Id807045.IhIfGlb_MRS,CnCom.Id807045.IhIfGlb_MRS-pm,LivePnl,-38499.29305500024
20190606,ShengShi9*819198*CnCom.Id807045.IhIfGlb_MRS,CnCom.Id807045.IhIfGlb_MRS-pm,LivePnl,4655.523144006412
20190610,ShengShi9*819198*CnCom.Id807045.IhIfGlb_MRS,CnCom.Id807045.IhIfGlb_MRS-pm,LivePnl,-1523.7248940002737
20190611,ShengShi9*819198*CnCom.Id807045.IhIfGlb_MRS,CnCom.Id807045.IhIfGlb_MRS-pm,LivePnl,18674.458070997738
20190612,ShengShi9*819198*CnCom.Id807045.IhIfGlb_MRS,CnCom.Id807045.IhIfGlb_MRS-pm,LivePnl,10163.22490498704
20190613,ShengShi9*819198*CnCom.Id807045.IhIfGlb_MRS,CnCom.Id807045.IhIfGlb_MRS-pm,LivePnl,21811.768383000246
20190614,ShengShi9*819198*CnCom.Id807045.IhIfGlb_MRS,CnCom.Id807045.IhIfGlb_MRS-pm,LivePnl,-1061.7272369998636
20190524,ShengShi9*819198*CnCom.Id807045.IhIfGlb_MRS,CnCom.Id807045.IhIfGlb_MRS-pm,PmPnlByInitX,-5608.547097374687
20190527,ShengShi9*819198*CnCom.Id807045.IhIfGlb_MRS,CnCom.Id807045.IhIfGlb_MRS-pm,PmPnlByInitX,-11164.48772920093
20190528,ShengShi9*819198*CnCom.Id807045.IhIfGlb_MRS,CnCom.Id807045.IhIfGlb_MRS-pm,PmPnlByInitX,10282.892556792009
20190529,ShengShi9*819198*CnCom.Id807045.IhIfGlb_MRS,CnCom.Id807045.IhIfGlb_MRS-pm,PmPnlByInitX,17388.414484142482
20190530,ShengShi9*819198*CnCom.Id807045.IhIfGlb_MRS,CnCom.Id807045.IhIfGlb_MRS-pm,PmPnlByInitX,19712.48324499517
20190531,ShengShi9*819198*CnCom.Id807045.IhIfGlb_MRS,CnCom.Id807045.IhIfGlb_MRS-pm,PmPnlByInitX,-1051.5657214619723
20190603,ShengShi9*819198*CnCom.Id807045.IhIfGlb_MRS,CnCom.Id807045.IhIfGlb_MRS-pm,PmPnlByInitX,-32693.6230803104
20190604,ShengShi9*819198*CnCom.Id807045.IhIfGlb_MRS,CnCom.Id807045.IhIfGlb_MRS-pm,PmPnlByInitX,-4261.149743524373
20190605,ShengShi9*819198*CnCom.Id807045.IhIfGlb_MRS,CnCom.Id807045.IhIfGlb_MRS-pm,PmPnlByInitX,-17816.919330326942
20190606,ShengShi9*819198*CnCom.Id807045.IhIfGlb_MRS,CnCom.Id807045.IhIfGlb_MRS-pm,PmPnlByInitX,638.0027058887481
20190610,ShengShi9*819198*CnCom.Id807045.IhIfGlb_MRS,CnCom.Id807045.IhIfGlb_MRS-pm,PmPnlByInitX,8426.154451629205
20190611,ShengShi9*819198*CnCom.Id807045.IhIfGlb_MRS,CnCom.Id807045.IhIfGlb_MRS-pm,PmPnlByInitX,26614.46801135692
20190612,ShengShi9*819198*CnCom.Id807045.IhIfGlb_MRS,CnCom.Id807045.IhIfGlb_MRS-pm,PmPnlByInitX,6586.468717565814
20190613,ShengShi9*819198*CnCom.Id807045.IhIfGlb_MRS,CnCom.Id807045.IhIfGlb_MRS-pm,PmPnlByInitX,26055.975525480324
20190614,ShengShi9*819198*CnCom.Id807045.IhIfGlb_MRS,CnCom.Id807045.IhIfGlb_MRS-pm,PmPnlByInitX,7133.427389207618
20190524,ShengShi9*819198*CnCom.Id807045.IhIfGlb_MRS,CnCom.Id807045.IhIfGlb_MRS-sub,CnCom.Id807045.IhIfGlb_MRS,-7706.443551005921
20190527,ShengShi9*819198*CnCom.Id807045.IhIfGlb_MRS,CnCom.Id807045.IhIfGlb_MRS-sub,CnCom.Id807045.IhIfGlb_MRS,-9665.742698996099
20190528,ShengShi9*819198*CnCom.Id807045.IhIfGlb_MRS,CnCom.Id807045.IhIfGlb_MRS-sub,CnCom.Id807045.IhIfGlb_MRS,24600.852851999534
20190529,ShengShi9*819198*CnCom.Id807045.IhIfGlb_MRS,CnCom.Id807045.IhIfGlb_MRS-sub,CnCom.Id807045.IhIfGlb_MRS,25067.55487200019
20190530,ShengShi9*819198*CnCom.Id807045.IhIfGlb_MRS,CnCom.Id807045.IhIfGlb_MRS-sub,CnCom.Id807045.IhIfGlb_MRS,9781.57443599678
20190531,ShengShi9*819198*CnCom.Id807045.IhIfGlb_MRS,CnCom.Id807045.IhIfGlb_MRS-sub,CnCom.Id807045.IhIfGlb_MRS,1557.9530010008727
20190603,ShengShi9*819198*CnCom.Id807045.IhIfGlb_MRS,CnCom.Id807045.IhIfGlb_MRS-sub,CnCom.Id807045.IhIfGlb_MRS,-9488.074838996588
20190604,ShengShi9*819198*CnCom.Id807045.IhIfGlb_MRS,CnCom.Id807045.IhIfGlb_MRS-sub,CnCom.Id807045.IhIfGlb_MRS,-4590.257667001091
20190605,ShengShi9*819198*CnCom.Id807045.IhIfGlb_MRS,CnCom.Id807045.IhIfGlb_MRS-sub,CnCom.Id807045.IhIfGlb_MRS,-38499.29305500024
20190606,ShengShi9*819198*CnCom.Id807045.IhIfGlb_MRS,CnCom.Id807045.IhIfGlb_MRS-sub,CnCom.Id807045.IhIfGlb_MRS,4655.523144006412
20190610,ShengShi9*819198*CnCom.Id807045.IhIfGlb_MRS,CnCom.Id807045.IhIfGlb_MRS-sub,CnCom.Id807045.IhIfGlb_MRS,-1523.7248940002737
20190611,ShengShi9*819198*CnCom.Id807045.IhIfGlb_MRS,CnCom.Id807045.IhIfGlb_MRS-sub,CnCom.Id807045.IhIfGlb_MRS,18674.458070997738
20190612,ShengShi9*819198*CnCom.Id807045.IhIfGlb_MRS,CnCom.Id807045.IhIfGlb_MRS-sub,CnCom.Id807045.IhIfGlb_MRS,10163.22490498704
20190613,ShengShi9*819198*CnCom.Id807045.IhIfGlb_MRS,CnCom.Id807045.IhIfGlb_MRS-sub,CnCom.Id807045.IhIfGlb_MRS,21811.768383000246
20190614,ShengShi9*819198*CnCom.Id807045.IhIfGlb_MRS,CnCom.Id807045.IhIfGlb_MRS-sub,CnCom.Id807045.IhIfGlb_MRS,-1061.7272369998636
20190524,ShengShi9*819198*CnCom.Id807045.IhIfGlb_MRS,CnCom.Id807045.IhIfGlb_MRS-sub,SSE50_SgxCN@ShengShi9@CnCom.Id807045.IhIfGlb_MRS@60115,-6209.478159000437
20190527,ShengShi9*819198*CnCom.Id807045.IhIfGlb_MRS,CnCom.Id807045.IhIfGlb_MRS-sub,SSE50_SgxCN@ShengShi9@CnCom.Id807045.IhIfGlb_MRS@60115,-1232.3662949998634
20190528,ShengShi9*819198*CnCom.Id807045.IhIfGlb_MRS,CnCom.Id807045.IhIfGlb_MRS-sub,SSE50_SgxCN@ShengShi9@CnCom.Id807045.IhIfGlb_MRS@60115,11048.240376000027
20190529,ShengShi9*819198*CnCom.Id807045.IhIfGlb_MRS,CnCom.Id807045.IhIfGlb_MRS-sub,SSE50_SgxCN@ShengShi9@CnCom.Id807045.IhIfGlb_MRS@60115,9786.45917100011
20190530,ShengShi9*819198*CnCom.Id807045.IhIfGlb_MRS,CnCom.Id807045.IhIfGlb_MRS-sub,SSE50_SgxCN@ShengShi9@CnCom.Id807045.IhIfGlb_MRS@60115,6186.111795000082
20190531,ShengShi9*819198*CnCom.Id807045.IhIfGlb_MRS,CnCom.Id807045.IhIfGlb_MRS-sub,SSE50_SgxCN@ShengShi9@CnCom.Id807045.IhIfGlb_MRS@60115,2664.1640130001906
20190603,ShengShi9*819198*CnCom.Id807045.IhIfGlb_MRS,CnCom.Id807045.IhIfGlb_MRS-sub,SSE50_SgxCN@ShengShi9@CnCom.Id807045.IhIfGlb_MRS@60115,-2410.937331000764
20190604,ShengShi9*819198*CnCom.Id807045.IhIfGlb_MRS,CnCom.Id807045.IhIfGlb_MRS-sub,SSE50_SgxCN@ShengShi9@CnCom.Id807045.IhIfGlb_MRS@60115,-5893.072772999945
20190605,ShengShi9*819198*CnCom.Id807045.IhIfGlb_MRS,CnCom.Id807045.IhIfGlb_MRS-sub,SSE50_SgxCN@ShengShi9@CnCom.Id807045.IhIfGlb_MRS@60115,-4769.536887000191
20190606,ShengShi9*819198*CnCom.Id807045.IhIfGlb_MRS,CnCom.Id807045.IhIfGlb_MRS-sub,SSE50_SgxCN@ShengShi9@CnCom.Id807045.IhIfGlb_MRS@60115,4311.2912309994
20190610,ShengShi9*819198*CnCom.Id807045.IhIfGlb_MRS,CnCom.Id807045.IhIfGlb_MRS-sub,SSE50_SgxCN@ShengShi9@CnCom.Id807045.IhIfGlb_MRS@60115,-611.0760510001096
20190611,ShengShi9*819198*CnCom.Id807045.IhIfGlb_MRS,CnCom.Id807045.IhIfGlb_MRS-sub,SSE50_SgxCN@ShengShi9@CnCom.Id807045.IhIfGlb_MRS@60115,9478.642583999917
20190612,ShengShi9*819198*CnCom.Id807045.IhIfGlb_MRS,CnCom.Id807045.IhIfGlb_MRS-sub,SSE50_SgxCN@ShengShi9@CnCom.Id807045.IhIfGlb_MRS@60115,-83.18785800171898
20190613,ShengShi9*819198*CnCom.Id807045.IhIfGlb_MRS,CnCom.Id807045.IhIfGlb_MRS-sub,SSE50_SgxCN@ShengShi9@CnCom.Id807045.IhIfGlb_MRS@60115,7038.827730000136
20190614,ShengShi9*819198*CnCom.Id807045.IhIfGlb_MRS,CnCom.Id807045.IhIfGlb_MRS-sub,SSE50_SgxCN@ShengShi9@CnCom.Id807045.IhIfGlb_MRS@60115,-1061.7272369998636
20190524,ShengShi9*819198*CnCom.Id807045.IhIfGlb_MRS,CnCom.Id807045.IhIfGlb_MRS-sub,CSI300_SgxCN@ShengShi9@CnCom.Id807045.IhIfGlb_MRS@60107,-1496.9653920054845
20190527,ShengShi9*819198*CnCom.Id807045.IhIfGlb_MRS,CnCom.Id807045.IhIfGlb_MRS-sub,CSI300_SgxCN@ShengShi9@CnCom.Id807045.IhIfGlb_MRS@60107,-8433.376403996235
20190528,ShengShi9*819198*CnCom.Id807045.IhIfGlb_MRS,CnCom.Id807045.IhIfGlb_MRS-sub,CSI300_SgxCN@ShengShi9@CnCom.Id807045.IhIfGlb_MRS@60107,13552.612475999507
20190529,ShengShi9*819198*CnCom.Id807045.IhIfGlb_MRS,CnCom.Id807045.IhIfGlb_MRS-sub,CSI300_SgxCN@ShengShi9@CnCom.Id807045.IhIfGlb_MRS@60107,15281.095701000082
20190530,ShengShi9*819198*CnCom.Id807045.IhIfGlb_MRS,CnCom.Id807045.IhIfGlb_MRS-sub,CSI300_SgxCN@ShengShi9@CnCom.Id807045.IhIfGlb_MRS@60107,3595.462640996698
20190531,ShengShi9*819198*CnCom.Id807045.IhIfGlb_MRS,CnCom.Id807045.IhIfGlb_MRS-sub,CSI300_SgxCN@ShengShi9@CnCom.Id807045.IhIfGlb_MRS@60107,-1106.2110119993179
20190603,ShengShi9*819198*CnCom.Id807045.IhIfGlb_MRS,CnCom.Id807045.IhIfGlb_MRS-sub,CSI300_SgxCN@ShengShi9@CnCom.Id807045.IhIfGlb_MRS@60107,-7077.137507995825
20190604,ShengShi9*819198*CnCom.Id807045.IhIfGlb_MRS,CnCom.Id807045.IhIfGlb_MRS-sub,CSI300_SgxCN@ShengShi9@CnCom.Id807045.IhIfGlb_MRS@60107,1302.815105998854
20190605,ShengShi9*819198*CnCom.Id807045.IhIfGlb_MRS,CnCom.Id807045.IhIfGlb_MRS-sub,CSI300_SgxCN@ShengShi9@CnCom.Id807045.IhIfGlb_MRS@60107,-33729.75616800005
20190606,ShengShi9*819198*CnCom.Id807045.IhIfGlb_MRS,CnCom.Id807045.IhIfGlb_MRS-sub,CSI300_SgxCN@ShengShi9@CnCom.Id807045.IhIfGlb_MRS@60107,344.2319130070118
20190610,ShengShi9*819198*CnCom.Id807045.IhIfGlb_MRS,CnCom.Id807045.IhIfGlb_MRS-sub,CSI300_SgxCN@ShengShi9@CnCom.Id807045.IhIfGlb_MRS@60107,-912.6488430001641
20190611,ShengShi9*819198*CnCom.Id807045.IhIfGlb_MRS,CnCom.Id807045.IhIfGlb_MRS-sub,CSI300_SgxCN@ShengShi9@CnCom.Id807045.IhIfGlb_MRS@60107,9195.815486997819
20190612,ShengShi9*819198*CnCom.Id807045.IhIfGlb_MRS,CnCom.Id807045.IhIfGlb_MRS-sub,CSI300_SgxCN@ShengShi9@CnCom.Id807045.IhIfGlb_MRS@60107,10246.412762988759
20190613,ShengShi9*819198*CnCom.Id807045.IhIfGlb_MRS,CnCom.Id807045.IhIfGlb_MRS-sub,CSI300_SgxCN@ShengShi9@CnCom.Id807045.IhIfGlb_MRS@60107,14772.940653000109
20190614,ShengShi9*819198*CnCom.Id807045.IhIfGlb_MRS,CnCom.Id807045.IhIfGlb_MRS-sub,CSI300_SgxCN@ShengShi9@CnCom.Id807045.IhIfGlb_MRS@60107,0.0
20190524,ShengShi9*819198*CnCom.Id807045.IhIfGlb_MRS*SSE50_SgxCN@ShengShi9@CnCom.Id807045.IhIfGlb_MRS@60115,SSE50_SgxCN@ShengShi9@CnCom.Id807045.IhIfGlb_MRS@60115-pm,LivePnl,-6209.478159000437
20190527,ShengShi9*819198*CnCom.Id807045.IhIfGlb_MRS*SSE50_SgxCN@ShengShi9@CnCom.Id807045.IhIfGlb_MRS@60115,SSE50_SgxCN@ShengShi9@CnCom.Id807045.IhIfGlb_MRS@60115-pm,LivePnl,-1232.3662949998634
20190528,ShengShi9*819198*CnCom.Id807045.IhIfGlb_MRS*SSE50_SgxCN@ShengShi9@CnCom.Id807045.IhIfGlb_MRS@60115,SSE50_SgxCN@ShengShi9@CnCom.Id807045.IhIfGlb_MRS@60115-pm,LivePnl,11048.240376000027
20190529,ShengShi9*819198*CnCom.Id807045.IhIfGlb_MRS*SSE50_SgxCN@ShengShi9@CnCom.Id807045.IhIfGlb_MRS@60115,SSE50_SgxCN@ShengShi9@CnCom.Id807045.IhIfGlb_MRS@60115-pm,LivePnl,9786.45917100011
20190530,ShengShi9*819198*CnCom.Id807045.IhIfGlb_MRS*SSE50_SgxCN@ShengShi9@CnCom.Id807045.IhIfGlb_MRS@60115,SSE50_SgxCN@ShengShi9@CnCom.Id807045.IhIfGlb_MRS@60115-pm,LivePnl,6186.111795000082
20190531,ShengShi9*819198*CnCom.Id807045.IhIfGlb_MRS*SSE50_SgxCN@ShengShi9@CnCom.Id807045.IhIfGlb_MRS@60115,SSE50_SgxCN@ShengShi9@CnCom.Id807045.IhIfGlb_MRS@60115-pm,LivePnl,2664.1640130001906
20190603,ShengShi9*819198*CnCom.Id807045.IhIfGlb_MRS*SSE50_SgxCN@ShengShi9@CnCom.Id807045.IhIfGlb_MRS@60115,SSE50_SgxCN@ShengShi9@CnCom.Id807045.IhIfGlb_MRS@60115-pm,LivePnl,-2410.937331000764
20190604,ShengShi9*819198*CnCom.Id807045.IhIfGlb_MRS*SSE50_SgxCN@ShengShi9@CnCom.Id807045.IhIfGlb_MRS@60115,SSE50_SgxCN@ShengShi9@CnCom.Id807045.IhIfGlb_MRS@60115-pm,LivePnl,-5893.072772999945
20190605,ShengShi9*819198*CnCom.Id807045.IhIfGlb_MRS*SSE50_SgxCN@ShengShi9@CnCom.Id807045.IhIfGlb_MRS@60115,SSE50_SgxCN@ShengShi9@CnCom.Id807045.IhIfGlb_MRS@60115-pm,LivePnl,-4769.536887000191
20190606,ShengShi9*819198*CnCom.Id807045.IhIfGlb_MRS*SSE50_SgxCN@ShengShi9@CnCom.Id807045.IhIfGlb_MRS@60115,SSE50_SgxCN@ShengShi9@CnCom.Id807045.IhIfGlb_MRS@60115-pm,LivePnl,4311.2912309994
20190610,ShengShi9*819198*CnCom.Id807045.IhIfGlb_MRS*SSE50_SgxCN@ShengShi9@CnCom.Id807045.IhIfGlb_MRS@60115,SSE50_SgxCN@ShengShi9@CnCom.Id807045.IhIfGlb_MRS@60115-pm,LivePnl,-611.0760510001096
20190611,ShengShi9*819198*CnCom.Id807045.IhIfGlb_MRS*SSE50_SgxCN@ShengShi9@CnCom.Id807045.IhIfGlb_MRS@60115,SSE50_SgxCN@ShengShi9@CnCom.Id807045.IhIfGlb_MRS@60115-pm,LivePnl,9478.642583999917
20190612,ShengShi9*819198*CnCom.Id807045.IhIfGlb_MRS*SSE50_SgxCN@ShengShi9@CnCom.Id807045.IhIfGlb_MRS@60115,SSE50_SgxCN@ShengShi9@CnCom.Id807045.IhIfGlb_MRS@60115-pm,LivePnl,-83.18785800171898
20190613,ShengShi9*819198*CnCom.Id807045.IhIfGlb_MRS*SSE50_SgxCN@ShengShi9@CnCom.Id807045.IhIfGlb_MRS@60115,SSE50_SgxCN@ShengShi9@CnCom.Id807045.IhIfGlb_MRS@60115-pm,LivePnl,7038.827730000136
20190614,ShengShi9*819198*CnCom.Id807045.IhIfGlb_MRS*SSE50_SgxCN@ShengShi9@CnCom.Id807045.IhIfGlb_MRS@60115,SSE50_SgxCN@ShengShi9@CnCom.Id807045.IhIfGlb_MRS@60115-pm,LivePnl,-1061.7272369998636
20190524,ShengShi9*819198*CnCom.Id807045.IhIfGlb_MRS*SSE50_SgxCN@ShengShi9@CnCom.Id807045.IhIfGlb_MRS@60115,SSE50_SgxCN@ShengShi9@CnCom.Id807045.IhIfGlb_MRS@60115-pm,PmPnlByInitX,-7324.189257002599
20190527,ShengShi9*819198*CnCom.Id807045.IhIfGlb_MRS*SSE50_SgxCN@ShengShi9@CnCom.Id807045.IhIfGlb_MRS@60115,SSE50_SgxCN@ShengShi9@CnCom.Id807045.IhIfGlb_MRS@60115-pm,PmPnlByInitX,-1041.9700811331682
20190528,ShengShi9*819198*CnCom.Id807045.IhIfGlb_MRS*SSE50_SgxCN@ShengShi9@CnCom.Id807045.IhIfGlb_MRS@60115,SSE50_SgxCN@ShengShi9@CnCom.Id807045.IhIfGlb_MRS@60115-pm,PmPnlByInitX,4920.472816552744
20190529,ShengShi9*819198*CnCom.Id807045.IhIfGlb_MRS*SSE50_SgxCN@ShengShi9@CnCom.Id807045.IhIfGlb_MRS@60115,SSE50_SgxCN@ShengShi9@CnCom.Id807045.IhIfGlb_MRS@60115-pm,PmPnlByInitX,9534.38870851656
20190530,ShengShi9*819198*CnCom.Id807045.IhIfGlb_MRS*SSE50_SgxCN@ShengShi9@CnCom.Id807045.IhIfGlb_MRS@60115,SSE50_SgxCN@ShengShi9@CnCom.Id807045.IhIfGlb_MRS@60115-pm,PmPnlByInitX,6886.757425907968
20190531,ShengShi9*819198*CnCom.Id807045.IhIfGlb_MRS*SSE50_SgxCN@ShengShi9@CnCom.Id807045.IhIfGlb_MRS@60115,SSE50_SgxCN@ShengShi9@CnCom.Id807045.IhIfGlb_MRS@60115-pm,PmPnlByInitX,-6404.208892199912
20190603,ShengShi9*819198*CnCom.Id807045.IhIfGlb_MRS*SSE50_SgxCN@ShengShi9@CnCom.Id807045.IhIfGlb_MRS@60115,SSE50_SgxCN@ShengShi9@CnCom.Id807045.IhIfGlb_MRS@60115-pm,PmPnlByInitX,-11985.2840068248
20190604,ShengShi9*819198*CnCom.Id807045.IhIfGlb_MRS*SSE50_SgxCN@ShengShi9@CnCom.Id807045.IhIfGlb_MRS@60115,SSE50_SgxCN@ShengShi9@CnCom.Id807045.IhIfGlb_MRS@60115-pm,PmPnlByInitX,-6297.921544276633
20190605,ShengShi9*819198*CnCom.Id807045.IhIfGlb_MRS*SSE50_SgxCN@ShengShi9@CnCom.Id807045.IhIfGlb_MRS@60115,SSE50_SgxCN@ShengShi9@CnCom.Id807045.IhIfGlb_MRS@60115-pm,PmPnlByInitX,-9382.31141314552
20190606,ShengShi9*819198*CnCom.Id807045.IhIfGlb_MRS*SSE50_SgxCN@ShengShi9@CnCom.Id807045.IhIfGlb_MRS@60115,SSE50_SgxCN@ShengShi9@CnCom.Id807045.IhIfGlb_MRS@60115-pm,PmPnlByInitX,-6976.625510728632
20190610,ShengShi9*819198*CnCom.Id807045.IhIfGlb_MRS*SSE50_SgxCN@ShengShi9@CnCom.Id807045.IhIfGlb_MRS@60115,SSE50_SgxCN@ShengShi9@CnCom.Id807045.IhIfGlb_MRS@60115-pm,PmPnlByInitX,4870.923474743856
20190611,ShengShi9*819198*CnCom.Id807045.IhIfGlb_MRS*SSE50_SgxCN@ShengShi9@CnCom.Id807045.IhIfGlb_MRS@60115,SSE50_SgxCN@ShengShi9@CnCom.Id807045.IhIfGlb_MRS@60115-pm,PmPnlByInitX,16597.84096478392
20190612,ShengShi9*819198*CnCom.Id807045.IhIfGlb_MRS*SSE50_SgxCN@ShengShi9@CnCom.Id807045.IhIfGlb_MRS@60115,SSE50_SgxCN@ShengShi9@CnCom.Id807045.IhIfGlb_MRS@60115-pm,PmPnlByInitX,-1032.076905696136
20190613,ShengShi9*819198*CnCom.Id807045.IhIfGlb_MRS*SSE50_SgxCN@ShengShi9@CnCom.Id807045.IhIfGlb_MRS@60115,SSE50_SgxCN@ShengShi9@CnCom.Id807045.IhIfGlb_MRS@60115-pm,PmPnlByInitX,5762.923596276224
20190614,ShengShi9*819198*CnCom.Id807045.IhIfGlb_MRS*SSE50_SgxCN@ShengShi9@CnCom.Id807045.IhIfGlb_MRS@60115,SSE50_SgxCN@ShengShi9@CnCom.Id807045.IhIfGlb_MRS@60115-pm,PmPnlByInitX,4134.402346274568
20190524,ShengShi9*819198*CnCom.Id807045.IhIfGlb_MRS*CSI300_SgxCN@ShengShi9@CnCom.Id807045.IhIfGlb_MRS@60107,CSI300_SgxCN@ShengShi9@CnCom.Id807045.IhIfGlb_MRS@60107-pm,LivePnl,-1496.9653920054845
20190527,ShengShi9*819198*CnCom.Id807045.IhIfGlb_MRS*CSI300_SgxCN@ShengShi9@CnCom.Id807045.IhIfGlb_MRS@60107,CSI300_SgxCN@ShengShi9@CnCom.Id807045.IhIfGlb_MRS@60107-pm,LivePnl,-8433.376403996235
20190528,ShengShi9*819198*CnCom.Id807045.IhIfGlb_MRS*CSI300_SgxCN@ShengShi9@CnCom.Id807045.IhIfGlb_MRS@60107,CSI300_SgxCN@ShengShi9@CnCom.Id807045.IhIfGlb_MRS@60107-pm,LivePnl,13552.612475999507
20190529,ShengShi9*819198*CnCom.Id807045.IhIfGlb_MRS*CSI300_SgxCN@ShengShi9@CnCom.Id807045.IhIfGlb_MRS@60107,CSI300_SgxCN@ShengShi9@CnCom.Id807045.IhIfGlb_MRS@60107-pm,LivePnl,15281.095701000082
20190530,ShengShi9*819198*CnCom.Id807045.IhIfGlb_MRS*CSI300_SgxCN@ShengShi9@CnCom.Id807045.IhIfGlb_MRS@60107,CSI300_SgxCN@ShengShi9@CnCom.Id807045.IhIfGlb_MRS@60107-pm,LivePnl,3595.462640996698
20190531,ShengShi9*819198*CnCom.Id807045.IhIfGlb_MRS*CSI300_SgxCN@ShengShi9@CnCom.Id807045.IhIfGlb_MRS@60107,CSI300_SgxCN@ShengShi9@CnCom.Id807045.IhIfGlb_MRS@60107-pm,LivePnl,-1106.2110119993179
20190603,ShengShi9*819198*CnCom.Id807045.IhIfGlb_MRS*CSI300_SgxCN@ShengShi9@CnCom.Id807045.IhIfGlb_MRS@60107,CSI300_SgxCN@ShengShi9@CnCom.Id807045.IhIfGlb_MRS@60107-pm,LivePnl,-7077.137507995825
20190604,ShengShi9*819198*CnCom.Id807045.IhIfGlb_MRS*CSI300_SgxCN@ShengShi9@CnCom.Id807045.IhIfGlb_MRS@60107,CSI300_SgxCN@ShengShi9@CnCom.Id807045.IhIfGlb_MRS@60107-pm,LivePnl,1302.815105998854
20190605,ShengShi9*819198*CnCom.Id807045.IhIfGlb_MRS*CSI300_SgxCN@ShengShi9@CnCom.Id807045.IhIfGlb_MRS@60107,CSI300_SgxCN@ShengShi9@CnCom.Id807045.IhIfGlb_MRS@60107-pm,LivePnl,-33729.75616800005
20190606,ShengShi9*819198*CnCom.Id807045.IhIfGlb_MRS*CSI300_SgxCN@ShengShi9@CnCom.Id807045.IhIfGlb_MRS@60107,CSI300_SgxCN@ShengShi9@CnCom.Id807045.IhIfGlb_MRS@60107-pm,LivePnl,344.2319130070118
20190610,ShengShi9*819198*CnCom.Id807045.IhIfGlb_MRS*CSI300_SgxCN@ShengShi9@CnCom.Id807045.IhIfGlb_MRS@60107,CSI300_SgxCN@ShengShi9@CnCom.Id807045.IhIfGlb_MRS@60107-pm,LivePnl,-912.6488430001641
20190611,ShengShi9*819198*CnCom.Id807045.IhIfGlb_MRS*CSI300_SgxCN@ShengShi9@CnCom.Id807045.IhIfGlb_MRS@60107,CSI300_SgxCN@ShengShi9@CnCom.Id807045.IhIfGlb_MRS@60107-pm,LivePnl,9195.815486997819
20190612,ShengShi9*819198*CnCom.Id807045.IhIfGlb_MRS*CSI300_SgxCN@ShengShi9@CnCom.Id807045.IhIfGlb_MRS@60107,CSI300_SgxCN@ShengShi9@CnCom.Id807045.IhIfGlb_MRS@60107-pm,LivePnl,10246.412762988759
20190613,ShengShi9*819198*CnCom.Id807045.IhIfGlb_MRS*CSI300_SgxCN@ShengShi9@CnCom.Id807045.IhIfGlb_MRS@60107,CSI300_SgxCN@ShengShi9@CnCom.Id807045.IhIfGlb_MRS@60107-pm,LivePnl,14772.940653000109
20190614,ShengShi9*819198*CnCom.Id807045.IhIfGlb_MRS*CSI300_SgxCN@ShengShi9@CnCom.Id807045.IhIfGlb_MRS@60107,CSI300_SgxCN@ShengShi9@CnCom.Id807045.IhIfGlb_MRS@60107-pm,LivePnl,0.0
20190524,ShengShi9*819198*CnCom.Id807045.IhIfGlb_MRS*CSI300_SgxCN@ShengShi9@CnCom.Id807045.IhIfGlb_MRS@60107,CSI300_SgxCN@ShengShi9@CnCom.Id807045.IhIfGlb_MRS@60107-pm,PmPnlByInitX,1715.642159627912
20190527,ShengShi9*819198*CnCom.Id807045.IhIfGlb_MRS*CSI300_SgxCN@ShengShi9@CnCom.Id807045.IhIfGlb_MRS@60107,CSI300_SgxCN@ShengShi9@CnCom.Id807045.IhIfGlb_MRS@60107-pm,PmPnlByInitX,-10122.517648067762
20190528,ShengShi9*819198*CnCom.Id807045.IhIfGlb_MRS*CSI300_SgxCN@ShengShi9@CnCom.Id807045.IhIfGlb_MRS@60107,CSI300_SgxCN@ShengShi9@CnCom.Id807045.IhIfGlb_MRS@60107-pm,PmPnlByInitX,5362.419740239265
20190529,ShengShi9*819198*CnCom.Id807045.IhIfGlb_MRS*CSI300_SgxCN@ShengShi9@CnCom.Id807045.IhIfGlb_MRS@60107,CSI300_SgxCN@ShengShi9@CnCom.Id807045.IhIfGlb_MRS@60107-pm,PmPnlByInitX,7854.025775625921
20190530,ShengShi9*819198*CnCom.Id807045.IhIfGlb_MRS*CSI300_SgxCN@ShengShi9@CnCom.Id807045.IhIfGlb_MRS@60107,CSI300_SgxCN@ShengShi9@CnCom.Id807045.IhIfGlb_MRS@60107-pm,PmPnlByInitX,12825.7258190872
20190531,ShengShi9*819198*CnCom.Id807045.IhIfGlb_MRS*CSI300_SgxCN@ShengShi9@CnCom.Id807045.IhIfGlb_MRS@60107,CSI300_SgxCN@ShengShi9@CnCom.Id807045.IhIfGlb_MRS@60107-pm,PmPnlByInitX,5352.64317073794
20190603,ShengShi9*819198*CnCom.Id807045.IhIfGlb_MRS*CSI300_SgxCN@ShengShi9@CnCom.Id807045.IhIfGlb_MRS@60107,CSI300_SgxCN@ShengShi9@CnCom.Id807045.IhIfGlb_MRS@60107-pm,PmPnlByInitX,-20708.3390734856
20190604,ShengShi9*819198*CnCom.Id807045.IhIfGlb_MRS*CSI300_SgxCN@ShengShi9@CnCom.Id807045.IhIfGlb_MRS@60107,CSI300_SgxCN@ShengShi9@CnCom.Id807045.IhIfGlb_MRS@60107-pm,PmPnlByInitX,2036.77180075226
20190605,ShengShi9*819198*CnCom.Id807045.IhIfGlb_MRS*CSI300_SgxCN@ShengShi9@CnCom.Id807045.IhIfGlb_MRS@60107,CSI300_SgxCN@ShengShi9@CnCom.Id807045.IhIfGlb_MRS@60107-pm,PmPnlByInitX,-8434.60791718142
20190606,ShengShi9*819198*CnCom.Id807045.IhIfGlb_MRS*CSI300_SgxCN@ShengShi9@CnCom.Id807045.IhIfGlb_MRS@60107,CSI300_SgxCN@ShengShi9@CnCom.Id807045.IhIfGlb_MRS@60107-pm,PmPnlByInitX,7614.6282166173805
20190610,ShengShi9*819198*CnCom.Id807045.IhIfGlb_MRS*CSI300_SgxCN@ShengShi9@CnCom.Id807045.IhIfGlb_MRS@60107,CSI300_SgxCN@ShengShi9@CnCom.Id807045.IhIfGlb_MRS@60107-pm,PmPnlByInitX,3555.23097688535
20190611,ShengShi9*819198*CnCom.Id807045.IhIfGlb_MRS*CSI300_SgxCN@ShengShi9@CnCom.Id807045.IhIfGlb_MRS@60107,CSI300_SgxCN@ShengShi9@CnCom.Id807045.IhIfGlb_MRS@60107-pm,PmPnlByInitX,10016.627046573
20190612,ShengShi9*819198*CnCom.Id807045.IhIfGlb_MRS*CSI300_SgxCN@ShengShi9@CnCom.Id807045.IhIfGlb_MRS@60107,CSI300_SgxCN@ShengShi9@CnCom.Id807045.IhIfGlb_MRS@60107-pm,PmPnlByInitX,7618.54562326195
20190613,ShengShi9*819198*CnCom.Id807045.IhIfGlb_MRS*CSI300_SgxCN@ShengShi9@CnCom.Id807045.IhIfGlb_MRS@60107,CSI300_SgxCN@ShengShi9@CnCom.Id807045.IhIfGlb_MRS@60107-pm,PmPnlByInitX,20293.0519292041
20190614,ShengShi9*819198*CnCom.Id807045.IhIfGlb_MRS*CSI300_SgxCN@ShengShi9@CnCom.Id807045.IhIfGlb_MRS@60107,CSI300_SgxCN@ShengShi9@CnCom.Id807045.IhIfGlb_MRS@60107-pm,PmPnlByInitX,2999.02504293305
20190702,ShengShi9*819198*CnCom.Id807035.CalArbAll2N,CnCom.Id807035.CalArbAll2N-pm,LivePnl,2958.25
20190703,ShengShi9*819198*CnCom.Id807035.CalArbAll2N,CnCom.Id807035.CalArbAll2N-pm,LivePnl,-2506.25
20190704,ShengShi9*819198*CnCom.Id807035.CalArbAll2N,CnCom.Id807035.CalArbAll2N-pm,LivePnl,40.0
20190705,ShengShi9*819198*CnCom.Id807035.CalArbAll2N,CnCom.Id807035.CalArbAll2N-pm,LivePnl,-3006.0
20190702,ShengShi9*819198*CnCom.Id807035.CalArbAll2N,CnCom.Id807035.CalArbAll2N-pm,PmPnlByInitX,5443.6949352500005
20190703,ShengShi9*819198*CnCom.Id807035.CalArbAll2N,CnCom.Id807035.CalArbAll2N-pm,PmPnlByInitX,-3091.813384
20190704,ShengShi9*819198*CnCom.Id807035.CalArbAll2N,CnCom.Id807035.CalArbAll2N-pm,PmPnlByInitX,510.522166
20190705,ShengShi9*819198*CnCom.Id807035.CalArbAll2N,CnCom.Id807035.CalArbAll2N-pm,PmPnlByInitX,-2113.476040775
20190702,ShengShi9*819198*CnCom.Id807035.CalArbAll2N,CnCom.Id807035.CalArbAll2N-sub,CnCom.Id807035.CalArbAll2N,2958.25
20190703,ShengShi9*819198*CnCom.Id807035.CalArbAll2N,CnCom.Id807035.CalArbAll2N-sub,CnCom.Id807035.CalArbAll2N,-2506.25
20190704,ShengShi9*819198*CnCom.Id807035.CalArbAll2N,CnCom.Id807035.CalArbAll2N-sub,CnCom.Id807035.CalArbAll2N,40.0
20190705,ShengShi9*819198*CnCom.Id807035.CalArbAll2N,CnCom.Id807035.CalArbAll2N-sub,CnCom.Id807035.CalArbAll2N,-3006.0
20190702,ShengShi9*819198*CnCom.Id807035.CalArbAll2N,CnCom.Id807035.CalArbAll2N-sub,DLy@ShengShi9@CnCom.Id807035.CalArbAll2N@58705,-49.875
20190703,ShengShi9*819198*CnCom.Id807035.CalArbAll2N,CnCom.Id807035.CalArbAll2N-sub,DLy@ShengShi9@CnCom.Id807035.CalArbAll2N@58705,-326.25
20190704,ShengShi9*819198*CnCom.Id807035.CalArbAll2N,CnCom.Id807035.CalArbAll2N-sub,DLy@ShengShi9@CnCom.Id807035.CalArbAll2N@58705,0.0
20190702,ShengShi9*819198*CnCom.Id807035.CalArbAll2N,CnCom.Id807035.CalArbAll2N-sub,DLp@ShengShi9@CnCom.Id807035.CalArbAll2N@58701,928.5
20190703,ShengShi9*819198*CnCom.Id807035.CalArbAll2N,CnCom.Id807035.CalArbAll2N-sub,DLp@ShengShi9@CnCom.Id807035.CalArbAll2N@58701,-720.0
20190704,ShengShi9*819198*CnCom.Id807035.CalArbAll2N,CnCom.Id807035.CalArbAll2N-sub,DLp@ShengShi9@CnCom.Id807035.CalArbAll2N@58701,0.0
20190705,ShengShi9*819198*CnCom.Id807035.CalArbAll2N,CnCom.Id807035.CalArbAll2N-sub,DLp@ShengShi9@CnCom.Id807035.CalArbAll2N@58701,-1743.0
20190702,ShengShi9*819198*CnCom.Id807035.CalArbAll2N,CnCom.Id807035.CalArbAll2N-sub,DLp@ShengShi9@CnCom.Id807035.CalArbAll2N@58702,928.5
20190703,ShengShi9*819198*CnCom.Id807035.CalArbAll2N,CnCom.Id807035.CalArbAll2N-sub,DLp@ShengShi9@CnCom.Id807035.CalArbAll2N@58702,-720.0
20190704,ShengShi9*819198*CnCom.Id807035.CalArbAll2N,CnCom.Id807035.CalArbAll2N-sub,DLp@ShengShi9@CnCom.Id807035.CalArbAll2N@58702,0.0
20190705,ShengShi9*819198*CnCom.Id807035.CalArbAll2N,CnCom.Id807035.CalArbAll2N-sub,DLp@ShengShi9@CnCom.Id807035.CalArbAll2N@58702,-1263.0
20190702,ShengShi9*819198*CnCom.Id807035.CalArbAll2N,CnCom.Id807035.CalArbAll2N-sub,DLp@ShengShi9@CnCom.Id807035.CalArbAll2N@58703,1151.125
20190703,ShengShi9*819198*CnCom.Id807035.CalArbAll2N,CnCom.Id807035.CalArbAll2N-sub,DLp@ShengShi9@CnCom.Id807035.CalArbAll2N@58703,-740.0
20190704,ShengShi9*819198*CnCom.Id807035.CalArbAll2N,CnCom.Id807035.CalArbAll2N-sub,DLp@ShengShi9@CnCom.Id807035.CalArbAll2N@58703,40.0
20190702,ShengShi9*819198*CnCom.Id807035.CalArbAll2N*DLy@ShengShi9@CnCom.Id807035.CalArbAll2N@58705,DLy@ShengShi9@CnCom.Id807035.CalArbAll2N@58705-pm,LivePnl,-49.875
20190703,ShengShi9*819198*CnCom.Id807035.CalArbAll2N*DLy@ShengShi9@CnCom.Id807035.CalArbAll2N@58705,DLy@ShengShi9@CnCom.Id807035.CalArbAll2N@58705-pm,LivePnl,-326.25
20190704,ShengShi9*819198*CnCom.Id807035.CalArbAll2N*DLy@ShengShi9@CnCom.Id807035.CalArbAll2N@58705,DLy@ShengShi9@CnCom.Id807035.CalArbAll2N@58705-pm,LivePnl,0.0
20190702,ShengShi9*819198*CnCom.Id807035.CalArbAll2N*DLy@ShengShi9@CnCom.Id807035.CalArbAll2N@58705,DLy@ShengShi9@CnCom.Id807035.CalArbAll2N@58705-pm,PmPnlByInitX,-211.14491475
20190703,ShengShi9*819198*CnCom.Id807035.CalArbAll2N*DLy@ShengShi9@CnCom.Id807035.CalArbAll2N@58705,DLy@ShengShi9@CnCom.Id807035.CalArbAll2N@58705-pm,PmPnlByInitX,-327.19995
20190704,ShengShi9*819198*CnCom.Id807035.CalArbAll2N*DLy@ShengShi9@CnCom.Id807035.CalArbAll2N@58705,DLy@ShengShi9@CnCom.Id807035.CalArbAll2N@58705-pm,PmPnlByInitX,482.60817
20190702,ShengShi9*819198*CnCom.Id807035.CalArbAll2N*DLp@ShengShi9@CnCom.Id807035.CalArbAll2N@58701,DLp@ShengShi9@CnCom.Id807035.CalArbAll2N@58701-pm,LivePnl,928.5
20190703,ShengShi9*819198*CnCom.Id807035.CalArbAll2N*DLp@ShengShi9@CnCom.Id807035.CalArbAll2N@58701,DLp@ShengShi9@CnCom.Id807035.CalArbAll2N@58701-pm,LivePnl,-720.0
20190704,ShengShi9*819198*CnCom.Id807035.CalArbAll2N*DLp@ShengShi9@CnCom.Id807035.CalArbAll2N@58701,DLp@ShengShi9@CnCom.Id807035.CalArbAll2N@58701-pm,LivePnl,0.0
20190705,ShengShi9*819198*CnCom.Id807035.CalArbAll2N*DLp@ShengShi9@CnCom.Id807035.CalArbAll2N@58701,DLp@ShengShi9@CnCom.Id807035.CalArbAll2N@58701-pm,LivePnl,-1743.0
20190702,ShengShi9*819198*CnCom.Id807035.CalArbAll2N*DLp@ShengShi9@CnCom.Id807035.CalArbAll2N@58701,DLp@ShengShi9@CnCom.Id807035.CalArbAll2N@58701-pm,PmPnlByInitX,1970.8064640000002
20190703,ShengShi9*819198*CnCom.Id807035.CalArbAll2N*DLp@ShengShi9@CnCom.Id807035.CalArbAll2N@58701,DLp@ShengShi9@CnCom.Id807035.CalArbAll2N@58701-pm,PmPnlByInitX,-960.9969600000001
20190704,ShengShi9*819198*CnCom.Id807035.CalArbAll2N*DLp@ShengShi9@CnCom.Id807035.CalArbAll2N@58701,DLp@ShengShi9@CnCom.Id807035.CalArbAll2N@58701-pm,PmPnlByInitX,10.847232
20190705,ShengShi9*819198*CnCom.Id807035.CalArbAll2N*DLp@ShengShi9@CnCom.Id807035.CalArbAll2N@58701,DLp@ShengShi9@CnCom.Id807035.CalArbAll2N@58701-pm,PmPnlByInitX,-1071.197792775
20190702,ShengShi9*819198*CnCom.Id807035.CalArbAll2N*DLp@ShengShi9@CnCom.Id807035.CalArbAll2N@58702,DLp@ShengShi9@CnCom.Id807035.CalArbAll2N@58702-pm,LivePnl,928.5
20190703,ShengShi9*819198*CnCom.Id807035.CalArbAll2N*DLp@ShengShi9@CnCom.Id807035.CalArbAll2N@58702,DLp@ShengShi9@CnCom.Id807035.CalArbAll2N@58702-pm,LivePnl,-720.0
20190704,ShengShi9*819198*CnCom.Id807035.CalArbAll2N*DLp@ShengShi9@CnCom.Id807035.CalArbAll2N@58702,DLp@ShengShi9@CnCom.Id807035.CalArbAll2N@58702-pm,LivePnl,0.0
20190705,ShengShi9*819198*CnCom.Id807035.CalArbAll2N*DLp@ShengShi9@CnCom.Id807035.CalArbAll2N@58702,DLp@ShengShi9@CnCom.Id807035.CalArbAll2N@58702-pm,LivePnl,-1263.0
20190702,ShengShi9*819198*CnCom.Id807035.CalArbAll2N*DLp@ShengShi9@CnCom.Id807035.CalArbAll2N@58702,DLp@ShengShi9@CnCom.Id807035.CalArbAll2N@58702-pm,PmPnlByInitX,1897.4022320000001
20190703,ShengShi9*819198*CnCom.Id807035.CalArbAll2N*DLp@ShengShi9@CnCom.Id807035.CalArbAll2N@58702,DLp@ShengShi9@CnCom.Id807035.CalArbAll2N@58702-pm,PmPnlByInitX,-929.745784
20190704,ShengShi9*819198*CnCom.Id807035.CalArbAll2N*DLp@ShengShi9@CnCom.Id807035.CalArbAll2N@58702,DLp@ShengShi9@CnCom.Id807035.CalArbAll2N@58702-pm,PmPnlByInitX,8.424592
20190705,ShengShi9*819198*CnCom.Id807035.CalArbAll2N*DLp@ShengShi9@CnCom.Id807035.CalArbAll2N@58702,DLp@ShengShi9@CnCom.Id807035.CalArbAll2N@58702-pm,PmPnlByInitX,-1042.278248
20190702,ShengShi9*819198*CnCom.Id807035.CalArbAll2N*DLp@ShengShi9@CnCom.Id807035.CalArbAll2N@58703,DLp@ShengShi9@CnCom.Id807035.CalArbAll2N@58703-pm,LivePnl,1151.125
20190703,ShengShi9*819198*CnCom.Id807035.CalArbAll2N*DLp@ShengShi9@CnCom.Id807035.CalArbAll2N@58703,DLp@ShengShi9@CnCom.Id807035.CalArbAll2N@58703-pm,LivePnl,-740.0
20190704,ShengShi9*819198*CnCom.Id807035.CalArbAll2N*DLp@ShengShi9@CnCom.Id807035.CalArbAll2N@58703,DLp@ShengShi9@CnCom.Id807035.CalArbAll2N@58703-pm,LivePnl,40.0
20190702,ShengShi9*819198*CnCom.Id807035.CalArbAll2N*DLp@ShengShi9@CnCom.Id807035.CalArbAll2N@58703,DLp@ShengShi9@CnCom.Id807035.CalArbAll2N@58703-pm,PmPnlByInitX,1786.631154
20190703,ShengShi9*819198*CnCom.Id807035.CalArbAll2N*DLp@ShengShi9@CnCom.Id807035.CalArbAll2N@58703,DLp@ShengShi9@CnCom.Id807035.CalArbAll2N@58703-pm,PmPnlByInitX,-873.87069
20190704,ShengShi9*819198*CnCom.Id807035.CalArbAll2N*DLp@ShengShi9@CnCom.Id807035.CalArbAll2N@58703,DLp@ShengShi9@CnCom.Id807035.CalArbAll2N@58703-pm,PmPnlByInitX,8.642171999999999
20190703,ShengShi9*819198*Id807035.MFA_T0_C,Id807035.MFA_T0_C-pm,LivePnl,6493.266010000001
20190704,ShengShi9*819198*Id807035.MFA_T0_C,Id807035.MFA_T0_C-pm,LivePnl,-6329.7094475
20190705,ShengShi9*819198*Id807035.MFA_T0_C,Id807035.MFA_T0_C-pm,LivePnl,403.2760750000002
20190708,ShengShi9*819198*Id807035.MFA_T0_C,Id807035.MFA_T0_C-pm,LivePnl,-3216.70435
20190703,ShengShi9*819198*Id807035.MFA_T0_C,Id807035.MFA_T0_C-pm,PmPnlByInitX,48.00166900299973
20190704,ShengShi9*819198*Id807035.MFA_T0_C,Id807035.MFA_T0_C-pm,PmPnlByInitX,-4228.773863472812
20190705,ShengShi9*819198*Id807035.MFA_T0_C,Id807035.MFA_T0_C-pm,PmPnlByInitX,2636.984266384075
20190708,ShengShi9*819198*Id807035.MFA_T0_C,Id807035.MFA_T0_C-pm,PmPnlByInitX,-2391.744915440662
20190703,ShengShi9*819198*Id807035.MFA_T0_C,Id807035.MFA_T0_C-sub,Id807035.MFA_T0_C,6493.266010000001
20190704,ShengShi9*819198*Id807035.MFA_T0_C,Id807035.MFA_T0_C-sub,Id807035.MFA_T0_C,-6329.7094475
20190705,ShengShi9*819198*Id807035.MFA_T0_C,Id807035.MFA_T0_C-sub,Id807035.MFA_T0_C,403.2760750000002
20190708,ShengShi9*819198*Id807035.MFA_T0_C,Id807035.MFA_T0_C-sub,Id807035.MFA_T0_C,-3216.70435
20190703,ShengShi9*819198*Id807035.MFA_T0_C,Id807035.MFA_T0_C-sub,ZZMA_SQbu@ShengShi9@Id807035.MFA@26314,66.94639999999998
20190704,ShengShi9*819198*Id807035.MFA_T0_C,Id807035.MFA_T0_C-sub,ZZMA_SQbu@ShengShi9@Id807035.MFA@26314,-691.9456
20190705,ShengShi9*819198*Id807035.MFA_T0_C,Id807035.MFA_T0_C-sub,ZZMA_SQbu@ShengShi9@Id807035.MFA@26314,0.0
20190703,ShengShi9*819198*Id807035.MFA_T0_C,Id807035.MFA_T0_C-sub,ZZTA_ZZMA@ShengShi9@Id807035.MFA@26318,287.4
20190704,ShengShi9*819198*Id807035.MFA_T0_C,Id807035.MFA_T0_C-sub,ZZTA_ZZMA@ShengShi9@Id807035.MFA@26318,97.39999999999998
20190705,ShengShi9*819198*Id807035.MFA_T0_C,Id807035.MFA_T0_C-sub,ZZTA_ZZMA@ShengShi9@Id807035.MFA@26318,0.0
20190703,ShengShi9*819198*Id807035.MFA_T0_C,Id807035.MFA_T0_C-sub,ZZTA_SQru@ShengShi9@Id807035.MFA@26317,1302.0796500000001
20190704,ShengShi9*819198*Id807035.MFA_T0_C,Id807035.MFA_T0_C-sub,ZZTA_SQru@ShengShi9@Id807035.MFA@26317,5124.18765
20190705,ShengShi9*819198*Id807035.MFA_T0_C,Id807035.MFA_T0_C-sub,ZZTA_SQru@ShengShi9@Id807035.MFA@26317,4060.0
20190708,ShengShi9*819198*Id807035.MFA_T0_C,Id807035.MFA_T0_C-sub,ZZTA_SQru@ShengShi9@Id807035.MFA@26317,-1873.463375
20190703,ShengShi9*819198*Id807035.MFA_T0_C,Id807035.MFA_T0_C-sub,DLpp_SQru@ShengShi9@Id807035.MFA@26306,2076.3712100000002
20190704,ShengShi9*819198*Id807035.MFA_T0_C,Id807035.MFA_T0_C-sub,DLpp_SQru@ShengShi9@Id807035.MFA@26306,-5776.888085
20190705,ShengShi9*819198*Id807035.MFA_T0_C,Id807035.MFA_T0_C-sub,DLpp_SQru@ShengShi9@Id807035.MFA@26306,-385.0
20190708,ShengShi9*819198*Id807035.MFA_T0_C,Id807035.MFA_T0_C-sub,DLpp_SQru@ShengShi9@Id807035.MFA@26306,82.580825
20190703,ShengShi9*819198*Id807035.MFA_T0_C,Id807035.MFA_T0_C-sub,DLv_SQru@ShengShi9@Id807035.MFA@26310,1038.384375
20190704,ShengShi9*819198*Id807035.MFA_T0_C,Id807035.MFA_T0_C-sub,DLv_SQru@ShengShi9@Id807035.MFA@26310,-1386.6274375
20190705,ShengShi9*819198*Id807035.MFA_T0_C,Id807035.MFA_T0_C-sub,DLv_SQru@ShengShi9@Id807035.MFA@26310,0.0
20190703,ShengShi9*819198*Id807035.MFA_T0_C,Id807035.MFA_T0_C-sub,ZZMA_SQru@ShengShi9@Id807035.MFA@26315,1722.084375
20190704,ShengShi9*819198*Id807035.MFA_T0_C,Id807035.MFA_T0_C-sub,ZZMA_SQru@ShengShi9@Id807035.MFA@26315,-3695.835975
20190705,ShengShi9*819198*Id807035.MFA_T0_C,Id807035.MFA_T0_C-sub,ZZMA_SQru@ShengShi9@Id807035.MFA@26315,-3271.723925
20190708,ShengShi9*819198*Id807035.MFA_T0_C,Id807035.MFA_T0_C-sub,ZZMA_SQru@ShengShi9@Id807035.MFA@26315,-1425.8217999999997
20190703,ShengShi9*819198*Id807035.MFA_T0_C*ZZMA_SQbu@ShengShi9@Id807035.MFA@26314,ZZMA_SQbu@ShengShi9@Id807035.MFA@26314-pm,LivePnl,66.94639999999998
20190704,ShengShi9*819198*Id807035.MFA_T0_C*ZZMA_SQbu@ShengShi9@Id807035.MFA@26314,ZZMA_SQbu@ShengShi9@Id807035.MFA@26314-pm,LivePnl,-691.9456
20190705,ShengShi9*819198*Id807035.MFA_T0_C*ZZMA_SQbu@ShengShi9@Id807035.MFA@26314,ZZMA_SQbu@ShengShi9@Id807035.MFA@26314-pm,LivePnl,0.0
20190703,ShengShi9*819198*Id807035.MFA_T0_C*ZZMA_SQbu@ShengShi9@Id807035.MFA@26314,ZZMA_SQbu@ShengShi9@Id807035.MFA@26314-pm,PmPnlByInitX,-816.468779247
20190704,ShengShi9*819198*Id807035.MFA_T0_C*ZZMA_SQbu@ShengShi9@Id807035.MFA@26314,ZZMA_SQbu@ShengShi9@Id807035.MFA@26314-pm,PmPnlByInitX,-1017.4486543155
20190705,ShengShi9*819198*Id807035.MFA_T0_C*ZZMA_SQbu@ShengShi9@Id807035.MFA@26314,ZZMA_SQbu@ShengShi9@Id807035.MFA@26314-pm,PmPnlByInitX,-432.5375274274999
20190703,ShengShi9*819198*Id807035.MFA_T0_C*ZZTA_ZZMA@ShengShi9@Id807035.MFA@26318,ZZTA_ZZMA@ShengShi9@Id807035.MFA@26318-pm,LivePnl,287.4
20190704,ShengShi9*819198*Id807035.MFA_T0_C*ZZTA_ZZMA@ShengShi9@Id807035.MFA@26318,ZZTA_ZZMA@ShengShi9@Id807035.MFA@26318-pm,LivePnl,97.39999999999998
20190705,ShengShi9*819198*Id807035.MFA_T0_C*ZZTA_ZZMA@ShengShi9@Id807035.MFA@26318,ZZTA_ZZMA@ShengShi9@Id807035.MFA@26318-pm,LivePnl,0.0
20190703,ShengShi9*819198*Id807035.MFA_T0_C*ZZTA_ZZMA@ShengShi9@Id807035.MFA@26318,ZZTA_ZZMA@ShengShi9@Id807035.MFA@26318-pm,PmPnlByInitX,-1482.31075175
20190704,ShengShi9*819198*Id807035.MFA_T0_C*ZZTA_ZZMA@ShengShi9@Id807035.MFA@26318,ZZTA_ZZMA@ShengShi9@Id807035.MFA@26318-pm,PmPnlByInitX,2188.68875
20190705,ShengShi9*819198*Id807035.MFA_T0_C*ZZTA_ZZMA@ShengShi9@Id807035.MFA@26318,ZZTA_ZZMA@ShengShi9@Id807035.MFA@26318-pm,PmPnlByInitX,1912.94625
20190703,ShengShi9*819198*Id807035.MFA_T0_C*ZZTA_SQru@ShengShi9@Id807035.MFA@26317,ZZTA_SQru@ShengShi9@Id807035.MFA@26317-pm,LivePnl,1302.0796500000001
20190704,ShengShi9*819198*Id807035.MFA_T0_C*ZZTA_SQru@ShengShi9@Id807035.MFA@26317,ZZTA_SQru@ShengShi9@Id807035.MFA@26317-pm,LivePnl,5124.18765
20190705,ShengShi9*819198*Id807035.MFA_T0_C*ZZTA_SQru@ShengShi9@Id807035.MFA@26317,ZZTA_SQru@ShengShi9@Id807035.MFA@26317-pm,LivePnl,4060.0
20190708,ShengShi9*819198*Id807035.MFA_T0_C*ZZTA_SQru@ShengShi9@Id807035.MFA@26317,ZZTA_SQru@ShengShi9@Id807035.MFA@26317-pm,LivePnl,-1873.463375
20190703,ShengShi9*819198*Id807035.MFA_T0_C*ZZTA_SQru@ShengShi9@Id807035.MFA@26317,ZZTA_SQru@ShengShi9@Id807035.MFA@26317-pm,PmPnlByInitX,-1543.9636799999998
20190704,ShengShi9*819198*Id807035.MFA_T0_C*ZZTA_SQru@ShengShi9@Id807035.MFA@26317,ZZTA_SQru@ShengShi9@Id807035.MFA@26317-pm,PmPnlByInitX,5208.314102408812
20190705,ShengShi9*819198*Id807035.MFA_T0_C*ZZTA_SQru@ShengShi9@Id807035.MFA@26317,ZZTA_SQru@ShengShi9@Id807035.MFA@26317-pm,PmPnlByInitX,3476.0785499999997
20190708,ShengShi9*819198*Id807035.MFA_T0_C*ZZTA_SQru@ShengShi9@Id807035.MFA@26317,ZZTA_SQru@ShengShi9@Id807035.MFA@26317-pm,PmPnlByInitX,-1891.8075164097372
20190703,ShengShi9*819198*Id807035.MFA_T0_C*DLpp_SQru@ShengShi9@Id807035.MFA@26306,DLpp_SQru@ShengShi9@Id807035.MFA@26306-pm,LivePnl,2076.3712100000002
20190704,ShengShi9*819198*Id807035.MFA_T0_C*DLpp_SQru@ShengShi9@Id807035.MFA@26306,DLpp_SQru@ShengShi9@Id807035.MFA@26306-pm,LivePnl,-5776.888085
20190705,ShengShi9*819198*Id807035.MFA_T0_C*DLpp_SQru@ShengShi9@Id807035.MFA@26306,DLpp_SQru@ShengShi9@Id807035.MFA@26306-pm,LivePnl,-385.0
20190708,ShengShi9*819198*Id807035.MFA_T0_C*DLpp_SQru@ShengShi9@Id807035.MFA@26306,DLpp_SQru@ShengShi9@Id807035.MFA@26306-pm,LivePnl,82.580825
20190703,ShengShi9*819198*Id807035.MFA_T0_C*DLpp_SQru@ShengShi9@Id807035.MFA@26306,DLpp_SQru@ShengShi9@Id807035.MFA@26306-pm,PmPnlByInitX,1994.7164999999998
20190704,ShengShi9*819198*Id807035.MFA_T0_C*DLpp_SQru@ShengShi9@Id807035.MFA@26306,DLpp_SQru@ShengShi9@Id807035.MFA@26306-pm,PmPnlByInitX,-5654.766545720249
20190705,ShengShi9*819198*Id807035.MFA_T0_C*DLpp_SQru@ShengShi9@Id807035.MFA@26306,DLpp_SQru@ShengShi9@Id807035.MFA@26306-pm,PmPnlByInitX,-50.1123
20190708,ShengShi9*819198*Id807035.MFA_T0_C*DLpp_SQru@ShengShi9@Id807035.MFA@26306,DLpp_SQru@ShengShi9@Id807035.MFA@26306-pm,PmPnlByInitX,282.15348812595
20190703,ShengShi9*819198*Id807035.MFA_T0_C*DLv_SQru@ShengShi9@Id807035.MFA@26310,DLv_SQru@ShengShi9@Id807035.MFA@26310-pm,LivePnl,1038.384375
20190704,ShengShi9*819198*Id807035.MFA_T0_C*DLv_SQru@ShengShi9@Id807035.MFA@26310,DLv_SQru@ShengShi9@Id807035.MFA@26310-pm,LivePnl,-1386.6274375
20190705,ShengShi9*819198*Id807035.MFA_T0_C*DLv_SQru@ShengShi9@Id807035.MFA@26310,DLv_SQru@ShengShi9@Id807035.MFA@26310-pm,LivePnl,0.0
20190703,ShengShi9*819198*Id807035.MFA_T0_C*DLv_SQru@ShengShi9@Id807035.MFA@26310,DLv_SQru@ShengShi9@Id807035.MFA@26310-pm,PmPnlByInitX,930.9825
20190704,ShengShi9*819198*Id807035.MFA_T0_C*DLv_SQru@ShengShi9@Id807035.MFA@26310,DLv_SQru@ShengShi9@Id807035.MFA@26310-pm,PmPnlByInitX,-1822.341477875625
20190705,ShengShi9*819198*Id807035.MFA_T0_C*DLv_SQru@ShengShi9@Id807035.MFA@26310,DLv_SQru@ShengShi9@Id807035.MFA@26310-pm,PmPnlByInitX,-220.6092465675
20190703,ShengShi9*819198*Id807035.MFA_T0_C*ZZMA_SQru@ShengShi9@Id807035.MFA@26315,ZZMA_SQru@ShengShi9@Id807035.MFA@26315-pm,LivePnl,1722.084375
20190704,ShengShi9*819198*Id807035.MFA_T0_C*ZZMA_SQru@ShengShi9@Id807035.MFA@26315,ZZMA_SQru@ShengShi9@Id807035.MFA@26315-pm,LivePnl,-3695.835975
20190705,ShengShi9*819198*Id807035.MFA_T0_C*ZZMA_SQru@ShengShi9@Id807035.MFA@26315,ZZMA_SQru@ShengShi9@Id807035.MFA@26315-pm,LivePnl,-3271.723925
20190708,ShengShi9*819198*Id807035.MFA_T0_C*ZZMA_SQru@ShengShi9@Id807035.MFA@26315,ZZMA_SQru@ShengShi9@Id807035.MFA@26315-pm,LivePnl,-1425.8217999999997
20190703,ShengShi9*819198*Id807035.MFA_T0_C*ZZMA_SQru@ShengShi9@Id807035.MFA@26315,ZZMA_SQru@ShengShi9@Id807035.MFA@26315-pm,PmPnlByInitX,965.04588
20190704,ShengShi9*819198*Id807035.MFA_T0_C*ZZMA_SQru@ShengShi9@Id807035.MFA@26315,ZZMA_SQru@ShengShi9@Id807035.MFA@26315-pm,PmPnlByInitX,-3131.22003797025
20190705,ShengShi9*819198*Id807035.MFA_T0_C*ZZMA_SQru@ShengShi9@Id807035.MFA@26315,ZZMA_SQru@ShengShi9@Id807035.MFA@26315-pm,PmPnlByInitX,-2048.781459620925
20190708,ShengShi9*819198*Id807035.MFA_T0_C*ZZMA_SQru@ShengShi9@Id807035.MFA@26315,ZZMA_SQru@ShengShi9@Id807035.MFA@26315-pm,PmPnlByInitX,-782.0908871568749
20190620,ShengShi9*819198*CnCom.Id807012_VsScL1_Old,CnCom.Id807012_VsScL1_Old-pm,LivePnl,714.098505
20190621,ShengShi9*819198*CnCom.Id807012_VsScL1_Old,CnCom.Id807012_VsScL1_Old-pm,LivePnl,-2736.0088874999997
20190624,ShengShi9*819198*CnCom.Id807012_VsScL1_Old,CnCom.Id807012_VsScL1_Old-pm,LivePnl,1019.9081125
20190625,ShengShi9*819198*CnCom.Id807012_VsScL1_Old,CnCom.Id807012_VsScL1_Old-pm,LivePnl,8.141324999959124
20190626,ShengShi9*819198*CnCom.Id807012_VsScL1_Old,CnCom.Id807012_VsScL1_Old-pm,LivePnl,-7116.131874999987
20190627,ShengShi9*819198*CnCom.Id807012_VsScL1_Old,CnCom.Id807012_VsScL1_Old-pm,LivePnl,-9936.1128625
20190628,ShengShi9*819198*CnCom.Id807012_VsScL1_Old,CnCom.Id807012_VsScL1_Old-pm,LivePnl,-10604.57805
20190620,ShengShi9*819198*CnCom.Id807012_VsScL1_Old,CnCom.Id807012_VsScL1_Old-pm,PmPnlByInitX,2539.3474000000006
20190621,ShengShi9*819198*CnCom.Id807012_VsScL1_Old,CnCom.Id807012_VsScL1_Old-pm,PmPnlByInitX,-752.6304000000002
20190624,ShengShi9*819198*CnCom.Id807012_VsScL1_Old,CnCom.Id807012_VsScL1_Old-pm,PmPnlByInitX,3749.7308000000007
20190625,ShengShi9*819198*CnCom.Id807012_VsScL1_Old,CnCom.Id807012_VsScL1_Old-pm,PmPnlByInitX,6535.4029
20190626,ShengShi9*819198*CnCom.Id807012_VsScL1_Old,CnCom.Id807012_VsScL1_Old-pm,PmPnlByInitX,-2056.0992000000015
20190627,ShengShi9*819198*CnCom.Id807012_VsScL1_Old,CnCom.Id807012_VsScL1_Old-pm,PmPnlByInitX,7042.287100000001
20190628,ShengShi9*819198*CnCom.Id807012_VsScL1_Old,CnCom.Id807012_VsScL1_Old-pm,PmPnlByInitX,-8446.8456
20190620,ShengShi9*819198*CnCom.Id807012_VsScL1_Old,CnCom.Id807012_VsScL1_Old-sub,CnCom.Id807012_VsScL1_Old,714.098505
20190621,ShengShi9*819198*CnCom.Id807012_VsScL1_Old,CnCom.Id807012_VsScL1_Old-sub,CnCom.Id807012_VsScL1_Old,-2736.0088874999997
20190624,ShengShi9*819198*CnCom.Id807012_VsScL1_Old,CnCom.Id807012_VsScL1_Old-sub,CnCom.Id807012_VsScL1_Old,1019.9081125
20190625,ShengShi9*819198*CnCom.Id807012_VsScL1_Old,CnCom.Id807012_VsScL1_Old-sub,CnCom.Id807012_VsScL1_Old,8.141324999959124
20190626,ShengShi9*819198*CnCom.Id807012_VsScL1_Old,CnCom.Id807012_VsScL1_Old-sub,CnCom.Id807012_VsScL1_Old,-7116.131874999987
20190627,ShengShi9*819198*CnCom.Id807012_VsScL1_Old,CnCom.Id807012_VsScL1_Old-sub,CnCom.Id807012_VsScL1_Old,-9936.1128625
20190628,ShengShi9*819198*CnCom.Id807012_VsScL1_Old,CnCom.Id807012_VsScL1_Old-sub,CnCom.Id807012_VsScL1_Old,-10604.57805
20190626,ShengShi9*819198*CnCom.Id807012_VsScL1_Old,CnCom.Id807012_VsScL1_Old-sub,SQbu_SQsc@ShengShi9@CnCom.Id807012_VsScL1@61613,-381.4728
20190627,ShengShi9*819198*CnCom.Id807012_VsScL1_Old,CnCom.Id807012_VsScL1_Old-sub,SQbu_SQsc@ShengShi9@CnCom.Id807012_VsScL1@61613,162.32449999999994
20190628,ShengShi9*819198*CnCom.Id807012_VsScL1_Old,CnCom.Id807012_VsScL1_Old-sub,SQbu_SQsc@ShengShi9@CnCom.Id807012_VsScL1@61613,-755.8981
20190626,ShengShi9*819198*CnCom.Id807012_VsScL1_Old,CnCom.Id807012_VsScL1_Old-sub,ZZMA_SQsc@ShengShi9@CnCom.Id807012_VsScL1@61622,-260.8
20190627,ShengShi9*819198*CnCom.Id807012_VsScL1_Old,CnCom.Id807012_VsScL1_Old-sub,ZZMA_SQsc@ShengShi9@CnCom.Id807012_VsScL1@61622,-344.0000000000001
20190628,ShengShi9*819198*CnCom.Id807012_VsScL1_Old,CnCom.Id807012_VsScL1_Old-sub,ZZMA_SQsc@ShengShi9@CnCom.Id807012_VsScL1@61622,-1270.4
20190626,ShengShi9*819198*CnCom.Id807012_VsScL1_Old,CnCom.Id807012_VsScL1_Old-sub,SQru_SQsc@ShengShi9@CnCom.Id807012_VsScL1@61619,-36.0801
20190627,ShengShi9*819198*CnCom.Id807012_VsScL1_Old,CnCom.Id807012_VsScL1_Old-sub,SQru_SQsc@ShengShi9@CnCom.Id807012_VsScL1@61619,-204.474375
20190628,ShengShi9*819198*CnCom.Id807012_VsScL1_Old,CnCom.Id807012_VsScL1_Old-sub,SQru_SQsc@ShengShi9@CnCom.Id807012_VsScL1@61619,-2067.1303875000003
20190620,ShengShi9*819198*CnCom.Id807012_VsScL1_Old,CnCom.Id807012_VsScL1_Old-sub,SQbu_SQsc@ShengShi9@CnCom.Id807012_VsScL1@61513,484.904
20190621,ShengShi9*819198*CnCom.Id807012_VsScL1_Old,CnCom.Id807012_VsScL1_Old-sub,SQbu_SQsc@ShengShi9@CnCom.Id807012_VsScL1@61513,-487.9026
20190624,ShengShi9*819198*CnCom.Id807012_VsScL1_Old,CnCom.Id807012_VsScL1_Old-sub,SQbu_SQsc@ShengShi9@CnCom.Id807012_VsScL1@61513,-310.1467
20190625,ShengShi9*819198*CnCom.Id807012_VsScL1_Old,CnCom.Id807012_VsScL1_Old-sub,SQbu_SQsc@ShengShi9@CnCom.Id807012_VsScL1@61513,147.32539999998176
20190626,ShengShi9*819198*CnCom.Id807012_VsScL1_Old,CnCom.Id807012_VsScL1_Old-sub,SQbu_SQsc@ShengShi9@CnCom.Id807012_VsScL1@61513,-1057.8897999999913
20190627,ShengShi9*819198*CnCom.Id807012_VsScL1_Old,CnCom.Id807012_VsScL1_Old-sub,SQbu_SQsc@ShengShi9@CnCom.Id807012_VsScL1@61513,1477.2450999999999
20190628,ShengShi9*819198*CnCom.Id807012_VsScL1_Old,CnCom.Id807012_VsScL1_Old-sub,SQbu_SQsc@ShengShi9@CnCom.Id807012_VsScL1@61513,683.6768999999999
20190626,ShengShi9*819198*CnCom.Id807012_VsScL1_Old,CnCom.Id807012_VsScL1_Old-sub,SQfu_SQsc@ShengShi9@CnCom.Id807012_VsScL1@61616,295.506975
20190627,ShengShi9*819198*CnCom.Id807012_VsScL1_Old,CnCom.Id807012_VsScL1_Old-sub,SQfu_SQsc@ShengShi9@CnCom.Id807012_VsScL1@61616,-1705.641
20190628,ShengShi9*819198*CnCom.Id807012_VsScL1_Old,CnCom.Id807012_VsScL1_Old-sub,SQfu_SQsc@ShengShi9@CnCom.Id807012_VsScL1@61616,-337.016125
20190620,ShengShi9*819198*CnCom.Id807012_VsScL1_Old,CnCom.Id807012_VsScL1_Old-sub,SQru_SQsc@ShengShi9@CnCom.Id807012_VsScL1@61519,11.023525000000006
20190621,ShengShi9*819198*CnCom.Id807012_VsScL1_Old,CnCom.Id807012_VsScL1_Old-sub,SQru_SQsc@ShengShi9@CnCom.Id807012_VsScL1@61519,-1672.0160375
20190624,ShengShi9*819198*CnCom.Id807012_VsScL1_Old,CnCom.Id807012_VsScL1_Old-sub,SQru_SQsc@ShengShi9@CnCom.Id807012_VsScL1@61519,1085.8275125
20190625,ShengShi9*819198*CnCom.Id807012_VsScL1_Old,CnCom.Id807012_VsScL1_Old-sub,SQru_SQsc@ShengShi9@CnCom.Id807012_VsScL1@61519,480.45287500000006
20190626,ShengShi9*819198*CnCom.Id807012_VsScL1_Old,CnCom.Id807012_VsScL1_Old-sub,SQru_SQsc@ShengShi9@CnCom.Id807012_VsScL1@61519,-1263.2391000000364
20190627,ShengShi9*819198*CnCom.Id807012_VsScL1_Old,CnCom.Id807012_VsScL1_Old-sub,SQru_SQsc@ShengShi9@CnCom.Id807012_VsScL1@61519,-558.2944375
20190628,ShengShi9*819198*CnCom.Id807012_VsScL1_Old,CnCom.Id807012_VsScL1_Old-sub,SQru_SQsc@ShengShi9@CnCom.Id807012_VsScL1@61519,-1279.4248375000002
20190626,ShengShi9*819198*CnCom.Id807012_VsScL1_Old,CnCom.Id807012_VsScL1_Old-sub,DLl_SQsc@ShengShi9@CnCom.Id807012_VsScL1@61604,162.20000000000002
20190627,ShengShi9*819198*CnCom.Id807012_VsScL1_Old,CnCom.Id807012_VsScL1_Old-sub,DLl_SQsc@ShengShi9@CnCom.Id807012_VsScL1@61604,-763.8
20190628,ShengShi9*819198*CnCom.Id807012_VsScL1_Old,CnCom.Id807012_VsScL1_Old-sub,DLl_SQsc@ShengShi9@CnCom.Id807012_VsScL1@61604,-1975.6
20190620,ShengShi9*819198*CnCom.Id807012_VsScL1_Old,CnCom.Id807012_VsScL1_Old-sub,ZZTA_SQsc@ShengShi9@CnCom.Id807012_VsScL1@61525,-166.7
20190621,ShengShi9*819198*CnCom.Id807012_VsScL1_Old,CnCom.Id807012_VsScL1_Old-sub,ZZTA_SQsc@ShengShi9@CnCom.Id807012_VsScL1@61525,-159.85000000000002
20190624,ShengShi9*819198*CnCom.Id807012_VsScL1_Old,CnCom.Id807012_VsScL1_Old-sub,ZZTA_SQsc@ShengShi9@CnCom.Id807012_VsScL1@61525,119.20000000000005
20190625,ShengShi9*819198*CnCom.Id807012_VsScL1_Old,CnCom.Id807012_VsScL1_Old-sub,ZZTA_SQsc@ShengShi9@CnCom.Id807012_VsScL1@61525,275.65
20190626,ShengShi9*819198*CnCom.Id807012_VsScL1_Old,CnCom.Id807012_VsScL1_Old-sub,ZZTA_SQsc@ShengShi9@CnCom.Id807012_VsScL1@61525,-6371.999999999986
20190627,ShengShi9*819198*CnCom.Id807012_VsScL1_Old,CnCom.Id807012_VsScL1_Old-sub,ZZTA_SQsc@ShengShi9@CnCom.Id807012_VsScL1@61525,4.300000000000011
20190628,ShengShi9*819198*CnCom.Id807012_VsScL1_Old,CnCom.Id807012_VsScL1_Old-sub,ZZTA_SQsc@ShengShi9@CnCom.Id807012_VsScL1@61525,1238.25
20190620,ShengShi9*819198*CnCom.Id807012_VsScL1_Old,CnCom.Id807012_VsScL1_Old-sub,DLv_SQsc@ShengShi9@CnCom.Id807012_VsScL1@61510,-150.4
20190621,ShengShi9*819198*CnCom.Id807012_VsScL1_Old,CnCom.Id807012_VsScL1_Old-sub,DLv_SQsc@ShengShi9@CnCom.Id807012_VsScL1@61510,-65.95000000000002
20190624,ShengShi9*819198*CnCom.Id807012_VsScL1_Old,CnCom.Id807012_VsScL1_Old-sub,DLv_SQsc@ShengShi9@CnCom.Id807012_VsScL1@61510,190.35
20190625,ShengShi9*819198*CnCom.Id807012_VsScL1_Old,CnCom.Id807012_VsScL1_Old-sub,DLv_SQsc@ShengShi9@CnCom.Id807012_VsScL1@61510,-460.25000000001364
20190626,ShengShi9*819198*CnCom.Id807012_VsScL1_Old,CnCom.Id807012_VsScL1_Old-sub,DLv_SQsc@ShengShi9@CnCom.Id807012_VsScL1@61510,1038.5499999999909
20190627,ShengShi9*819198*CnCom.Id807012_VsScL1_Old,CnCom.Id807012_VsScL1_Old-sub,DLv_SQsc@ShengShi9@CnCom.Id807012_VsScL1@61510,-1479.55
20190628,ShengShi9*819198*CnCom.Id807012_VsScL1_Old,CnCom.Id807012_VsScL1_Old-sub,DLv_SQsc@ShengShi9@CnCom.Id807012_VsScL1@61510,-1378.95
20190620,ShengShi9*819198*CnCom.Id807012_VsScL1_Old,CnCom.Id807012_VsScL1_Old-sub,SQfu_SQsc@ShengShi9@CnCom.Id807012_VsScL1@61516,148.15098
20190621,ShengShi9*819198*CnCom.Id807012_VsScL1_Old,CnCom.Id807012_VsScL1_Old-sub,SQfu_SQsc@ShengShi9@CnCom.Id807012_VsScL1@61516,-14.290250000000015
20190624,ShengShi9*819198*CnCom.Id807012_VsScL1_Old,CnCom.Id807012_VsScL1_Old-sub,SQfu_SQsc@ShengShi9@CnCom.Id807012_VsScL1@61516,104.3773
20190625,ShengShi9*819198*CnCom.Id807012_VsScL1_Old,CnCom.Id807012_VsScL1_Old-sub,SQfu_SQsc@ShengShi9@CnCom.Id807012_VsScL1@61516,1019.61305
20190626,ShengShi9*819198*CnCom.Id807012_VsScL1_Old,CnCom.Id807012_VsScL1_Old-sub,SQfu_SQsc@ShengShi9@CnCom.Id807012_VsScL1@61516,3064.992950000036
20190627,ShengShi9*819198*CnCom.Id807012_VsScL1_Old,CnCom.Id807012_VsScL1_Old-sub,SQfu_SQsc@ShengShi9@CnCom.Id807012_VsScL1@61516,-2397.32265
20190628,ShengShi9*819198*CnCom.Id807012_VsScL1_Old,CnCom.Id807012_VsScL1_Old-sub,SQfu_SQsc@ShengShi9@CnCom.Id807012_VsScL1@61516,1723.0145000000002
20190620,ShengShi9*819198*CnCom.Id807012_VsScL1_Old,CnCom.Id807012_VsScL1_Old-sub,ZZMA_SQsc@ShengShi9@CnCom.Id807012_VsScL1@61522,175.32000000000002
20190621,ShengShi9*819198*CnCom.Id807012_VsScL1_Old,CnCom.Id807012_VsScL1_Old-sub,ZZMA_SQsc@ShengShi9@CnCom.Id807012_VsScL1@61522,-410.40000000000003
20190624,ShengShi9*819198*CnCom.Id807012_VsScL1_Old,CnCom.Id807012_VsScL1_Old-sub,ZZMA_SQsc@ShengShi9@CnCom.Id807012_VsScL1@61522,124.79999999999995
20190625,ShengShi9*819198*CnCom.Id807012_VsScL1_Old,CnCom.Id807012_VsScL1_Old-sub,ZZMA_SQsc@ShengShi9@CnCom.Id807012_VsScL1@61522,105.59999999999985
20190626,ShengShi9*819198*CnCom.Id807012_VsScL1_Old,CnCom.Id807012_VsScL1_Old-sub,ZZMA_SQsc@ShengShi9@CnCom.Id807012_VsScL1@61522,-2347.2000000000003
20190627,ShengShi9*819198*CnCom.Id807012_VsScL1_Old,CnCom.Id807012_VsScL1_Old-sub,ZZMA_SQsc@ShengShi9@CnCom.Id807012_VsScL1@61522,-2305.6
20190628,ShengShi9*819198*CnCom.Id807012_VsScL1_Old,CnCom.Id807012_VsScL1_Old-sub,ZZMA_SQsc@ShengShi9@CnCom.Id807012_VsScL1@61522,-1277.6000000000004
20190626,ShengShi9*819198*CnCom.Id807012_VsScL1_Old,CnCom.Id807012_VsScL1_Old-sub,DLv_SQsc@ShengShi9@CnCom.Id807012_VsScL1@61610,131.10000000000002
20190627,ShengShi9*819198*CnCom.Id807012_VsScL1_Old,CnCom.Id807012_VsScL1_Old-sub,DLv_SQsc@ShengShi9@CnCom.Id807012_VsScL1@61610,11.599999999999909
20190628,ShengShi9*819198*CnCom.Id807012_VsScL1_Old,CnCom.Id807012_VsScL1_Old-sub,DLv_SQsc@ShengShi9@CnCom.Id807012_VsScL1@61610,-1406.6999999999998
20190620,ShengShi9*819198*CnCom.Id807012_VsScL1_Old,CnCom.Id807012_VsScL1_Old-sub,DLl_SQsc@ShengShi9@CnCom.Id807012_VsScL1@61504,211.79999999999995
20190621,ShengShi9*819198*CnCom.Id807012_VsScL1_Old,CnCom.Id807012_VsScL1_Old-sub,DLl_SQsc@ShengShi9@CnCom.Id807012_VsScL1@61504,74.39999999999998
20190624,ShengShi9*819198*CnCom.Id807012_VsScL1_Old,CnCom.Id807012_VsScL1_Old-sub,DLl_SQsc@ShengShi9@CnCom.Id807012_VsScL1@61504,-294.5
20190625,ShengShi9*819198*CnCom.Id807012_VsScL1_Old,CnCom.Id807012_VsScL1_Old-sub,DLl_SQsc@ShengShi9@CnCom.Id807012_VsScL1@61504,-1560.250000000009
20190626,ShengShi9*819198*CnCom.Id807012_VsScL1_Old,CnCom.Id807012_VsScL1_Old-sub,DLl_SQsc@ShengShi9@CnCom.Id807012_VsScL1@61504,-89.80000000000018
20190627,ShengShi9*819198*CnCom.Id807012_VsScL1_Old,CnCom.Id807012_VsScL1_Old-sub,DLl_SQsc@ShengShi9@CnCom.Id807012_VsScL1@61504,-1832.9
20190628,ShengShi9*819198*CnCom.Id807012_VsScL1_Old,CnCom.Id807012_VsScL1_Old-sub,DLl_SQsc@ShengShi9@CnCom.Id807012_VsScL1@61504,-2500.8
20190626,ShengShi9*819198*CnCom.Id807012_VsScL1_Old*SQbu_SQsc@ShengShi9@CnCom.Id807012_VsScL1@61613,SQbu_SQsc@ShengShi9@CnCom.Id807012_VsScL1@61613-pm,LivePnl,-381.4728
20190627,ShengShi9*819198*CnCom.Id807012_VsScL1_Old*SQbu_SQsc@ShengShi9@CnCom.Id807012_VsScL1@61613,SQbu_SQsc@ShengShi9@CnCom.Id807012_VsScL1@61613-pm,LivePnl,162.32449999999994
20190628,ShengShi9*819198*CnCom.Id807012_VsScL1_Old*SQbu_SQsc@ShengShi9@CnCom.Id807012_VsScL1@61613,SQbu_SQsc@ShengShi9@CnCom.Id807012_VsScL1@61613-pm,LivePnl,-755.8981
20190626,ShengShi9*819198*CnCom.Id807012_VsScL1_Old*SQbu_SQsc@ShengShi9@CnCom.Id807012_VsScL1@61613,SQbu_SQsc@ShengShi9@CnCom.Id807012_VsScL1@61613-pm,PmPnlByInitX,201.0884
20190627,ShengShi9*819198*CnCom.Id807012_VsScL1_Old*SQbu_SQsc@ShengShi9@CnCom.Id807012_VsScL1@61613,SQbu_SQsc@ShengShi9@CnCom.Id807012_VsScL1@61613-pm,PmPnlByInitX,1215.1982
20190628,ShengShi9*819198*CnCom.Id807012_VsScL1_Old*SQbu_SQsc@ShengShi9@CnCom.Id807012_VsScL1@61613,SQbu_SQsc@ShengShi9@CnCom.Id807012_VsScL1@61613-pm,PmPnlByInitX,-122.20230000000001
20190626,ShengShi9*819198*CnCom.Id807012_VsScL1_Old*ZZMA_SQsc@ShengShi9@CnCom.Id807012_VsScL1@61622,ZZMA_SQsc@ShengShi9@CnCom.Id807012_VsScL1@61622-pm,LivePnl,-260.8
20190627,ShengShi9*819198*CnCom.Id807012_VsScL1_Old*ZZMA_SQsc@ShengShi9@CnCom.Id807012_VsScL1@61622,ZZMA_SQsc@ShengShi9@CnCom.Id807012_VsScL1@61622-pm,LivePnl,-344.0000000000001
20190628,ShengShi9*819198*CnCom.Id807012_VsScL1_Old*ZZMA_SQsc@ShengShi9@CnCom.Id807012_VsScL1@61622,ZZMA_SQsc@ShengShi9@CnCom.Id807012_VsScL1@61622-pm,LivePnl,-1270.4
20190626,ShengShi9*819198*CnCom.Id807012_VsScL1_Old*ZZMA_SQsc@ShengShi9@CnCom.Id807012_VsScL1@61622,ZZMA_SQsc@ShengShi9@CnCom.Id807012_VsScL1@61622-pm,PmPnlByInitX,119.75129999999999
20190627,ShengShi9*819198*CnCom.Id807012_VsScL1_Old*ZZMA_SQsc@ShengShi9@CnCom.Id807012_VsScL1@61622,ZZMA_SQsc@ShengShi9@CnCom.Id807012_VsScL1@61622-pm,PmPnlByInitX,939.4010999999999
20190628,ShengShi9*819198*CnCom.Id807012_VsScL1_Old*ZZMA_SQsc@ShengShi9@CnCom.Id807012_VsScL1@61622,ZZMA_SQsc@ShengShi9@CnCom.Id807012_VsScL1@61622-pm,PmPnlByInitX,-1962.126
20190626,ShengShi9*819198*CnCom.Id807012_VsScL1_Old*SQru_SQsc@ShengShi9@CnCom.Id807012_VsScL1@61619,SQru_SQsc@ShengShi9@CnCom.Id807012_VsScL1@61619-pm,LivePnl,-36.0801
20190627,ShengShi9*819198*CnCom.Id807012_VsScL1_Old*SQru_SQsc@ShengShi9@CnCom.Id807012_VsScL1@61619,SQru_SQsc@ShengShi9@CnCom.Id807012_VsScL1@61619-pm,LivePnl,-204.474375
20190628,ShengShi9*819198*CnCom.Id807012_VsScL1_Old*SQru_SQsc@ShengShi9@CnCom.Id807012_VsScL1@61619,SQru_SQsc@ShengShi9@CnCom.Id807012_VsScL1@61619-pm,LivePnl,-2067.1303875000003
20190626,ShengShi9*819198*CnCom.Id807012_VsScL1_Old*SQru_SQsc@ShengShi9@CnCom.Id807012_VsScL1@61619,SQru_SQsc@ShengShi9@CnCom.Id807012_VsScL1@61619-pm,PmPnlByInitX,-360.7
20190627,ShengShi9*819198*CnCom.Id807012_VsScL1_Old*SQru_SQsc@ShengShi9@CnCom.Id807012_VsScL1@61619,SQru_SQsc@ShengShi9@CnCom.Id807012_VsScL1@61619-pm,PmPnlByInitX,44.315
20190628,ShengShi9*819198*CnCom.Id807012_VsScL1_Old*SQru_SQsc@ShengShi9@CnCom.Id807012_VsScL1@61619,SQru_SQsc@ShengShi9@CnCom.Id807012_VsScL1@61619-pm,PmPnlByInitX,-719.36
20190620,ShengShi9*819198*CnCom.Id807012_VsScL1_Old*SQbu_SQsc@ShengShi9@CnCom.Id807012_VsScL1@61513,SQbu_SQsc@ShengShi9@CnCom.Id807012_VsScL1@61513-pm,LivePnl,484.904
20190621,ShengShi9*819198*CnCom.Id807012_VsScL1_Old*SQbu_SQsc@ShengShi9@CnCom.Id807012_VsScL1@61513,SQbu_SQsc@ShengShi9@CnCom.Id807012_VsScL1@61513-pm,LivePnl,-487.9026
20190624,ShengShi9*819198*CnCom.Id807012_VsScL1_Old*SQbu_SQsc@ShengShi9@CnCom.Id807012_VsScL1@61513,SQbu_SQsc@ShengShi9@CnCom.Id807012_VsScL1@61513-pm,LivePnl,-310.1467
20190625,ShengShi9*819198*CnCom.Id807012_VsScL1_Old*SQbu_SQsc@ShengShi9@CnCom.Id807012_VsScL1@61513,SQbu_SQsc@ShengShi9@CnCom.Id807012_VsScL1@61513-pm,LivePnl,147.32539999998176
20190626,ShengShi9*819198*CnCom.Id807012_VsScL1_Old*SQbu_SQsc@ShengShi9@CnCom.Id807012_VsScL1@61513,SQbu_SQsc@ShengShi9@CnCom.Id807012_VsScL1@61513-pm,LivePnl,-1057.8897999999913
20190627,ShengShi9*819198*CnCom.Id807012_VsScL1_Old*SQbu_SQsc@ShengShi9@CnCom.Id807012_VsScL1@61513,SQbu_SQsc@ShengShi9@CnCom.Id807012_VsScL1@61513-pm,LivePnl,1477.2450999999999
20190628,ShengShi9*819198*CnCom.Id807012_VsScL1_Old*SQbu_SQsc@ShengShi9@CnCom.Id807012_VsScL1@61513,SQbu_SQsc@ShengShi9@CnCom.Id807012_VsScL1@61513-pm,LivePnl,683.6768999999999
20190620,ShengShi9*819198*CnCom.Id807012_VsScL1_Old*SQbu_SQsc@ShengShi9@CnCom.Id807012_VsScL1@61513,SQbu_SQsc@ShengShi9@CnCom.Id807012_VsScL1@61513-pm,PmPnlByInitX,351.65276000000006
20190621,ShengShi9*819198*CnCom.Id807012_VsScL1_Old*SQbu_SQsc@ShengShi9@CnCom.Id807012_VsScL1@61513,SQbu_SQsc@ShengShi9@CnCom.Id807012_VsScL1@61513-pm,PmPnlByInitX,-493.9574400000001
20190624,ShengShi9*819198*CnCom.Id807012_VsScL1_Old*SQbu_SQsc@ShengShi9@CnCom.Id807012_VsScL1@61513,SQbu_SQsc@ShengShi9@CnCom.Id807012_VsScL1@61513-pm,PmPnlByInitX,183.88884000000002
20190625,ShengShi9*819198*CnCom.Id807012_VsScL1_Old*SQbu_SQsc@ShengShi9@CnCom.Id807012_VsScL1@61513,SQbu_SQsc@ShengShi9@CnCom.Id807012_VsScL1@61513-pm,PmPnlByInitX,137.0584
20190626,ShengShi9*819198*CnCom.Id807012_VsScL1_Old*SQbu_SQsc@ShengShi9@CnCom.Id807012_VsScL1@61513,SQbu_SQsc@ShengShi9@CnCom.Id807012_VsScL1@61513-pm,PmPnlByInitX,603.2652
20190627,ShengShi9*819198*CnCom.Id807012_VsScL1_Old*SQbu_SQsc@ShengShi9@CnCom.Id807012_VsScL1@61513,SQbu_SQsc@ShengShi9@CnCom.Id807012_VsScL1@61513-pm,PmPnlByInitX,1215.1982
20190628,ShengShi9*819198*CnCom.Id807012_VsScL1_Old*SQbu_SQsc@ShengShi9@CnCom.Id807012_VsScL1@61513,SQbu_SQsc@ShengShi9@CnCom.Id807012_VsScL1@61513-pm,PmPnlByInitX,-122.20230000000001
20190626,ShengShi9*819198*CnCom.Id807012_VsScL1_Old*SQfu_SQsc@ShengShi9@CnCom.Id807012_VsScL1@61616,SQfu_SQsc@ShengShi9@CnCom.Id807012_VsScL1@61616-pm,LivePnl,295.506975
20190627,ShengShi9*819198*CnCom.Id807012_VsScL1_Old*SQfu_SQsc@ShengShi9@CnCom.Id807012_VsScL1@61616,SQfu_SQsc@ShengShi9@CnCom.Id807012_VsScL1@61616-pm,LivePnl,-1705.641
20190628,ShengShi9*819198*CnCom.Id807012_VsScL1_Old*SQfu_SQsc@ShengShi9@CnCom.Id807012_VsScL1@61616,SQfu_SQsc@ShengShi9@CnCom.Id807012_VsScL1@61616-pm,LivePnl,-337.016125
20190626,ShengShi9*819198*CnCom.Id807012_VsScL1_Old*SQfu_SQsc@ShengShi9@CnCom.Id807012_VsScL1@61616,SQfu_SQsc@ShengShi9@CnCom.Id807012_VsScL1@61616-pm,PmPnlByInitX,318.446
20190627,ShengShi9*819198*CnCom.Id807012_VsScL1_Old*SQfu_SQsc@ShengShi9@CnCom.Id807012_VsScL1@61616,SQfu_SQsc@ShengShi9@CnCom.Id807012_VsScL1@61616-pm,PmPnlByInitX,-807.79
20190628,ShengShi9*819198*CnCom.Id807012_VsScL1_Old*SQfu_SQsc@ShengShi9@CnCom.Id807012_VsScL1@61616,SQfu_SQsc@ShengShi9@CnCom.Id807012_VsScL1@61616-pm,PmPnlByInitX,577.236
20190620,ShengShi9*819198*CnCom.Id807012_VsScL1_Old*SQru_SQsc@ShengShi9@CnCom.Id807012_VsScL1@61519,SQru_SQsc@ShengShi9@CnCom.Id807012_VsScL1@61519-pm,LivePnl,11.023525000000006
20190621,ShengShi9*819198*CnCom.Id807012_VsScL1_Old*SQru_SQsc@ShengShi9@CnCom.Id807012_VsScL1@61519,SQru_SQsc@ShengShi9@CnCom.Id807012_VsScL1@61519-pm,LivePnl,-1672.0160375
20190624,ShengShi9*819198*CnCom.Id807012_VsScL1_Old*SQru_SQsc@ShengShi9@CnCom.Id807012_VsScL1@61519,SQru_SQsc@ShengShi9@CnCom.Id807012_VsScL1@61519-pm,LivePnl,1085.8275125
20190625,ShengShi9*819198*CnCom.Id807012_VsScL1_Old*SQru_SQsc@ShengShi9@CnCom.Id807012_VsScL1@61519,SQru_SQsc@ShengShi9@CnCom.Id807012_VsScL1@61519-pm,LivePnl,480.45287500000006
20190626,ShengShi9*819198*CnCom.Id807012_VsScL1_Old*SQru_SQsc@ShengShi9@CnCom.Id807012_VsScL1@61519,SQru_SQsc@ShengShi9@CnCom.Id807012_VsScL1@61519-pm,LivePnl,-1263.2391000000364
20190627,ShengShi9*819198*CnCom.Id807012_VsScL1_Old*SQru_SQsc@ShengShi9@CnCom.Id807012_VsScL1@61519,SQru_SQsc@ShengShi9@CnCom.Id807012_VsScL1@61519-pm,LivePnl,-558.2944375
20190628,ShengShi9*819198*CnCom.Id807012_VsScL1_Old*SQru_SQsc@ShengShi9@CnCom.Id807012_VsScL1@61519,SQru_SQsc@ShengShi9@CnCom.Id807012_VsScL1@61519-pm,LivePnl,-1279.4248375000002
20190620,ShengShi9*819198*CnCom.Id807012_VsScL1_Old*SQru_SQsc@ShengShi9@CnCom.Id807012_VsScL1@61519,SQru_SQsc@ShengShi9@CnCom.Id807012_VsScL1@61519-pm,PmPnlByInitX,179.33600000000004
20190621,ShengShi9*819198*CnCom.Id807012_VsScL1_Old*SQru_SQsc@ShengShi9@CnCom.Id807012_VsScL1@61519,SQru_SQsc@ShengShi9@CnCom.Id807012_VsScL1@61519-pm,PmPnlByInitX,-1035.4400000000003
20190624,ShengShi9*819198*CnCom.Id807012_VsScL1_Old*SQru_SQsc@ShengShi9@CnCom.Id807012_VsScL1@61519,SQru_SQsc@ShengShi9@CnCom.Id807012_VsScL1@61519-pm,PmPnlByInitX,974.6600000000002
20190625,ShengShi9*819198*CnCom.Id807012_VsScL1_Old*SQru_SQsc@ShengShi9@CnCom.Id807012_VsScL1@61519,SQru_SQsc@ShengShi9@CnCom.Id807012_VsScL1@61519-pm,PmPnlByInitX,4076.27
20190626,ShengShi9*819198*CnCom.Id807012_VsScL1_Old*SQru_SQsc@ShengShi9@CnCom.Id807012_VsScL1@61519,SQru_SQsc@ShengShi9@CnCom.Id807012_VsScL1@61519-pm,PmPnlByInitX,-1082.1000000000001
20190627,ShengShi9*819198*CnCom.Id807012_VsScL1_Old*SQru_SQsc@ShengShi9@CnCom.Id807012_VsScL1@61519,SQru_SQsc@ShengShi9@CnCom.Id807012_VsScL1@61519-pm,PmPnlByInitX,44.315
20190628,ShengShi9*819198*CnCom.Id807012_VsScL1_Old*SQru_SQsc@ShengShi9@CnCom.Id807012_VsScL1@61519,SQru_SQsc@ShengShi9@CnCom.Id807012_VsScL1@61519-pm,PmPnlByInitX,-719.36
20190626,ShengShi9*819198*CnCom.Id807012_VsScL1_Old*DLl_SQsc@ShengShi9@CnCom.Id807012_VsScL1@61604,DLl_SQsc@ShengShi9@CnCom.Id807012_VsScL1@61604-pm,LivePnl,162.20000000000002
20190627,ShengShi9*819198*CnCom.Id807012_VsScL1_Old*DLl_SQsc@ShengShi9@CnCom.Id807012_VsScL1@61604,DLl_SQsc@ShengShi9@CnCom.Id807012_VsScL1@61604-pm,LivePnl,-763.8
20190628,ShengShi9*819198*CnCom.Id807012_VsScL1_Old*DLl_SQsc@ShengShi9@CnCom.Id807012_VsScL1@61604,DLl_SQsc@ShengShi9@CnCom.Id807012_VsScL1@61604-pm,LivePnl,-1975.6
20190626,ShengShi9*819198*CnCom.Id807012_VsScL1_Old*DLl_SQsc@ShengShi9@CnCom.Id807012_VsScL1@61604,DLl_SQsc@ShengShi9@CnCom.Id807012_VsScL1@61604-pm,PmPnlByInitX,-466.61650000000003
20190627,ShengShi9*819198*CnCom.Id807012_VsScL1_Old*DLl_SQsc@ShengShi9@CnCom.Id807012_VsScL1@61604,DLl_SQsc@ShengShi9@CnCom.Id807012_VsScL1@61604-pm,PmPnlByInitX,1392.6675000000002
20190628,ShengShi9*819198*CnCom.Id807012_VsScL1_Old*DLl_SQsc@ShengShi9@CnCom.Id807012_VsScL1@61604,DLl_SQsc@ShengShi9@CnCom.Id807012_VsScL1@61604-pm,PmPnlByInitX,-1969.0510000000002
20190620,ShengShi9*819198*CnCom.Id807012_VsScL1_Old*ZZTA_SQsc@ShengShi9@CnCom.Id807012_VsScL1@61525,ZZTA_SQsc@ShengShi9@CnCom.Id807012_VsScL1@61525-pm,LivePnl,-166.7
20190621,ShengShi9*819198*CnCom.Id807012_VsScL1_Old*ZZTA_SQsc@ShengShi9@CnCom.Id807012_VsScL1@61525,ZZTA_SQsc@ShengShi9@CnCom.Id807012_VsScL1@61525-pm,LivePnl,-159.85000000000002
20190624,ShengShi9*819198*CnCom.Id807012_VsScL1_Old*ZZTA_SQsc@ShengShi9@CnCom.Id807012_VsScL1@61525,ZZTA_SQsc@ShengShi9@CnCom.Id807012_VsScL1@61525-pm,LivePnl,119.20000000000005
20190625,ShengShi9*819198*CnCom.Id807012_VsScL1_Old*ZZTA_SQsc@ShengShi9@CnCom.Id807012_VsScL1@61525,ZZTA_SQsc@ShengShi9@CnCom.Id807012_VsScL1@61525-pm,LivePnl,275.65
20190626,ShengShi9*819198*CnCom.Id807012_VsScL1_Old*ZZTA_SQsc@ShengShi9@CnCom.Id807012_VsScL1@61525,ZZTA_SQsc@ShengShi9@CnCom.Id807012_VsScL1@61525-pm,LivePnl,-6371.999999999986
20190627,ShengShi9*819198*CnCom.Id807012_VsScL1_Old*ZZTA_SQsc@ShengShi9@CnCom.Id807012_VsScL1@61525,ZZTA_SQsc@ShengShi9@CnCom.Id807012_VsScL1@61525-pm,LivePnl,4.300000000000011
20190628,ShengShi9*819198*CnCom.Id807012_VsScL1_Old*ZZTA_SQsc@ShengShi9@CnCom.Id807012_VsScL1@61525,ZZTA_SQsc@ShengShi9@CnCom.Id807012_VsScL1@61525-pm,LivePnl,1238.25
20190620,ShengShi9*819198*CnCom.Id807012_VsScL1_Old*ZZTA_SQsc@ShengShi9@CnCom.Id807012_VsScL1@61525,ZZTA_SQsc@ShengShi9@CnCom.Id807012_VsScL1@61525-pm,PmPnlByInitX,694.3896000000001
20190621,ShengShi9*819198*CnCom.Id807012_VsScL1_Old*ZZTA_SQsc@ShengShi9@CnCom.Id807012_VsScL1@61525,ZZTA_SQsc@ShengShi9@CnCom.Id807012_VsScL1@61525-pm,PmPnlByInitX,339.76680000000005
20190624,ShengShi9*819198*CnCom.Id807012_VsScL1_Old*ZZTA_SQsc@ShengShi9@CnCom.Id807012_VsScL1@61525,ZZTA_SQsc@ShengShi9@CnCom.Id807012_VsScL1@61525-pm,PmPnlByInitX,539.1488
20190625,ShengShi9*819198*CnCom.Id807012_VsScL1_Old*ZZTA_SQsc@ShengShi9@CnCom.Id807012_VsScL1@61525,ZZTA_SQsc@ShengShi9@CnCom.Id807012_VsScL1@61525-pm,PmPnlByInitX,-216.644
20190626,ShengShi9*819198*CnCom.Id807012_VsScL1_Old*ZZTA_SQsc@ShengShi9@CnCom.Id807012_VsScL1@61525,ZZTA_SQsc@ShengShi9@CnCom.Id807012_VsScL1@61525-pm,PmPnlByInitX,-5694.087000000001
20190627,ShengShi9*819198*CnCom.Id807012_VsScL1_Old*ZZTA_SQsc@ShengShi9@CnCom.Id807012_VsScL1@61525,ZZTA_SQsc@ShengShi9@CnCom.Id807012_VsScL1@61525-pm,PmPnlByInitX,-381.541
20190628,ShengShi9*819198*CnCom.Id807012_VsScL1_Old*ZZTA_SQsc@ShengShi9@CnCom.Id807012_VsScL1@61525,ZZTA_SQsc@ShengShi9@CnCom.Id807012_VsScL1@61525-pm,PmPnlByInitX,949.649
20190620,ShengShi9*819198*CnCom.Id807012_VsScL1_Old*DLv_SQsc@ShengShi9@CnCom.Id807012_VsScL1@61510,DLv_SQsc@ShengShi9@CnCom.Id807012_VsScL1@61510-pm,LivePnl,-150.4
20190621,ShengShi9*819198*CnCom.Id807012_VsScL1_Old*DLv_SQsc@ShengShi9@CnCom.Id807012_VsScL1@61510,DLv_SQsc@ShengShi9@CnCom.Id807012_VsScL1@61510-pm,LivePnl,-65.95000000000002
20190624,ShengShi9*819198*CnCom.Id807012_VsScL1_Old*DLv_SQsc@ShengShi9@CnCom.Id807012_VsScL1@61510,DLv_SQsc@ShengShi9@CnCom.Id807012_VsScL1@61510-pm,LivePnl,190.35
20190625,ShengShi9*819198*CnCom.Id807012_VsScL1_Old*DLv_SQsc@ShengShi9@CnCom.Id807012_VsScL1@61510,DLv_SQsc@ShengShi9@CnCom.Id807012_VsScL1@61510-pm,LivePnl,-460.25000000001364
20190626,ShengShi9*819198*CnCom.Id807012_VsScL1_Old*DLv_SQsc@ShengShi9@CnCom.Id807012_VsScL1@61510,DLv_SQsc@ShengShi9@CnCom.Id807012_VsScL1@61510-pm,LivePnl,1038.5499999999909
20190627,ShengShi9*819198*CnCom.Id807012_VsScL1_Old*DLv_SQsc@ShengShi9@CnCom.Id807012_VsScL1@61510,DLv_SQsc@ShengShi9@CnCom.Id807012_VsScL1@61510-pm,LivePnl,-1479.55
20190628,ShengShi9*819198*CnCom.Id807012_VsScL1_Old*DLv_SQsc@ShengShi9@CnCom.Id807012_VsScL1@61510,DLv_SQsc@ShengShi9@CnCom.Id807012_VsScL1@61510-pm,LivePnl,-1378.95
20190620,ShengShi9*819198*CnCom.Id807012_VsScL1_Old*DLv_SQsc@ShengShi9@CnCom.Id807012_VsScL1@61510,DLv_SQsc@ShengShi9@CnCom.Id807012_VsScL1@61510-pm,PmPnlByInitX,341.76560000000006
20190621,ShengShi9*819198*CnCom.Id807012_VsScL1_Old*DLv_SQsc@ShengShi9@CnCom.Id807012_VsScL1@61510,DLv_SQsc@ShengShi9@CnCom.Id807012_VsScL1@61510-pm,PmPnlByInitX,308.8140000000001
20190624,ShengShi9*819198*CnCom.Id807012_VsScL1_Old*DLv_SQsc@ShengShi9@CnCom.Id807012_VsScL1@61510,DLv_SQsc@ShengShi9@CnCom.Id807012_VsScL1@61510-pm,PmPnlByInitX,775.9686
20190625,ShengShi9*819198*CnCom.Id807012_VsScL1_Old*DLv_SQsc@ShengShi9@CnCom.Id807012_VsScL1@61510,DLv_SQsc@ShengShi9@CnCom.Id807012_VsScL1@61510-pm,PmPnlByInitX,-1520.9755
20190626,ShengShi9*819198*CnCom.Id807012_VsScL1_Old*DLv_SQsc@ShengShi9@CnCom.Id807012_VsScL1@61510,DLv_SQsc@ShengShi9@CnCom.Id807012_VsScL1@61510-pm,PmPnlByInitX,3292.58325
20190627,ShengShi9*819198*CnCom.Id807012_VsScL1_Old*DLv_SQsc@ShengShi9@CnCom.Id807012_VsScL1@61510,DLv_SQsc@ShengShi9@CnCom.Id807012_VsScL1@61510-pm,PmPnlByInitX,928.12225
20190628,ShengShi9*819198*CnCom.Id807012_VsScL1_Old*DLv_SQsc@ShengShi9@CnCom.Id807012_VsScL1@61510,DLv_SQsc@ShengShi9@CnCom.Id807012_VsScL1@61510-pm,PmPnlByInitX,-502.744
20190620,ShengShi9*819198*CnCom.Id807012_VsScL1_Old*SQfu_SQsc@ShengShi9@CnCom.Id807012_VsScL1@61516,SQfu_SQsc@ShengShi9@CnCom.Id807012_VsScL1@61516-pm,LivePnl,148.15098
20190621,ShengShi9*819198*CnCom.Id807012_VsScL1_Old*SQfu_SQsc@ShengShi9@CnCom.Id807012_VsScL1@61516,SQfu_SQsc@ShengShi9@CnCom.Id807012_VsScL1@61516-pm,LivePnl,-14.290250000000015
20190624,ShengShi9*819198*CnCom.Id807012_VsScL1_Old*SQfu_SQsc@ShengShi9@CnCom.Id807012_VsScL1@61516,SQfu_SQsc@ShengShi9@CnCom.Id807012_VsScL1@61516-pm,LivePnl,104.3773
20190625,ShengShi9*819198*CnCom.Id807012_VsScL1_Old*SQfu_SQsc@ShengShi9@CnCom.Id807012_VsScL1@61516,SQfu_SQsc@ShengShi9@CnCom.Id807012_VsScL1@61516-pm,LivePnl,1019.61305
20190626,ShengShi9*819198*CnCom.Id807012_VsScL1_Old*SQfu_SQsc@ShengShi9@CnCom.Id807012_VsScL1@61516,SQfu_SQsc@ShengShi9@CnCom.Id807012_VsScL1@61516-pm,LivePnl,3064.992950000036
20190627,ShengShi9*819198*CnCom.Id807012_VsScL1_Old*SQfu_SQsc@ShengShi9@CnCom.Id807012_VsScL1@61516,SQfu_SQsc@ShengShi9@CnCom.Id807012_VsScL1@61516-pm,LivePnl,-2397.32265
20190628,ShengShi9*819198*CnCom.Id807012_VsScL1_Old*SQfu_SQsc@ShengShi9@CnCom.Id807012_VsScL1@61516,SQfu_SQsc@ShengShi9@CnCom.Id807012_VsScL1@61516-pm,LivePnl,1723.0145000000002
20190620,ShengShi9*819198*CnCom.Id807012_VsScL1_Old*SQfu_SQsc@ShengShi9@CnCom.Id807012_VsScL1@61516,SQfu_SQsc@ShengShi9@CnCom.Id807012_VsScL1@61516-pm,PmPnlByInitX,-14.332000000000004
20190621,ShengShi9*819198*CnCom.Id807012_VsScL1_Old*SQfu_SQsc@ShengShi9@CnCom.Id807012_VsScL1@61516,SQfu_SQsc@ShengShi9@CnCom.Id807012_VsScL1@61516-pm,PmPnlByInitX,-262.6392000000001
20190624,ShengShi9*819198*CnCom.Id807012_VsScL1_Old*SQfu_SQsc@ShengShi9@CnCom.Id807012_VsScL1@61516,SQfu_SQsc@ShengShi9@CnCom.Id807012_VsScL1@61516-pm,PmPnlByInitX,445.3888000000001
20190625,ShengShi9*819198*CnCom.Id807012_VsScL1_Old*SQfu_SQsc@ShengShi9@CnCom.Id807012_VsScL1@61516,SQfu_SQsc@ShengShi9@CnCom.Id807012_VsScL1@61516-pm,PmPnlByInitX,2694.15
20190626,ShengShi9*819198*CnCom.Id807012_VsScL1_Old*SQfu_SQsc@ShengShi9@CnCom.Id807012_VsScL1@61516,SQfu_SQsc@ShengShi9@CnCom.Id807012_VsScL1@61516-pm,PmPnlByInitX,955.3380000000001
20190627,ShengShi9*819198*CnCom.Id807012_VsScL1_Old*SQfu_SQsc@ShengShi9@CnCom.Id807012_VsScL1@61516,SQfu_SQsc@ShengShi9@CnCom.Id807012_VsScL1@61516-pm,PmPnlByInitX,-807.79
20190628,ShengShi9*819198*CnCom.Id807012_VsScL1_Old*SQfu_SQsc@ShengShi9@CnCom.Id807012_VsScL1@61516,SQfu_SQsc@ShengShi9@CnCom.Id807012_VsScL1@61516-pm,PmPnlByInitX,577.236
20190620,ShengShi9*819198*CnCom.Id807012_VsScL1_Old*ZZMA_SQsc@ShengShi9@CnCom.Id807012_VsScL1@61522,ZZMA_SQsc@ShengShi9@CnCom.Id807012_VsScL1@61522-pm,LivePnl,175.32000000000002
20190621,ShengShi9*819198*CnCom.Id807012_VsScL1_Old*ZZMA_SQsc@ShengShi9@CnCom.Id807012_VsScL1@61522,ZZMA_SQsc@ShengShi9@CnCom.Id807012_VsScL1@61522-pm,LivePnl,-410.40000000000003
20190624,ShengShi9*819198*CnCom.Id807012_VsScL1_Old*ZZMA_SQsc@ShengShi9@CnCom.Id807012_VsScL1@61522,ZZMA_SQsc@ShengShi9@CnCom.Id807012_VsScL1@61522-pm,LivePnl,124.79999999999995
20190625,ShengShi9*819198*CnCom.Id807012_VsScL1_Old*ZZMA_SQsc@ShengShi9@CnCom.Id807012_VsScL1@61522,ZZMA_SQsc@ShengShi9@CnCom.Id807012_VsScL1@61522-pm,LivePnl,105.59999999999985
20190626,ShengShi9*819198*CnCom.Id807012_VsScL1_Old*ZZMA_SQsc@ShengShi9@CnCom.Id807012_VsScL1@61522,ZZMA_SQsc@ShengShi9@CnCom.Id807012_VsScL1@61522-pm,LivePnl,-2347.2000000000003
20190627,ShengShi9*819198*CnCom.Id807012_VsScL1_Old*ZZMA_SQsc@ShengShi9@CnCom.Id807012_VsScL1@61522,ZZMA_SQsc@ShengShi9@CnCom.Id807012_VsScL1@61522-pm,LivePnl,-2305.6
20190628,ShengShi9*819198*CnCom.Id807012_VsScL1_Old*ZZMA_SQsc@ShengShi9@CnCom.Id807012_VsScL1@61522,ZZMA_SQsc@ShengShi9@CnCom.Id807012_VsScL1@61522-pm,LivePnl,-1277.6000000000004
20190620,ShengShi9*819198*CnCom.Id807012_VsScL1_Old*ZZMA_SQsc@ShengShi9@CnCom.Id807012_VsScL1@61522,ZZMA_SQsc@ShengShi9@CnCom.Id807012_VsScL1@61522-pm,PmPnlByInitX,300.51863999999995
20190621,ShengShi9*819198*CnCom.Id807012_VsScL1_Old*ZZMA_SQsc@ShengShi9@CnCom.Id807012_VsScL1@61522,ZZMA_SQsc@ShengShi9@CnCom.Id807012_VsScL1@61522-pm,PmPnlByInitX,-105.92676
20190624,ShengShi9*819198*CnCom.Id807012_VsScL1_Old*ZZMA_SQsc@ShengShi9@CnCom.Id807012_VsScL1@61522,ZZMA_SQsc@ShengShi9@CnCom.Id807012_VsScL1@61522-pm,PmPnlByInitX,190.16315999999998
20190625,ShengShi9*819198*CnCom.Id807012_VsScL1_Old*ZZMA_SQsc@ShengShi9@CnCom.Id807012_VsScL1@61522,ZZMA_SQsc@ShengShi9@CnCom.Id807012_VsScL1@61522-pm,PmPnlByInitX,1374.588
20190626,ShengShi9*819198*CnCom.Id807012_VsScL1_Old*ZZMA_SQsc@ShengShi9@CnCom.Id807012_VsScL1@61522,ZZMA_SQsc@ShengShi9@CnCom.Id807012_VsScL1@61522-pm,PmPnlByInitX,359.25390000000004
20190627,ShengShi9*819198*CnCom.Id807012_VsScL1_Old*ZZMA_SQsc@ShengShi9@CnCom.Id807012_VsScL1@61522,ZZMA_SQsc@ShengShi9@CnCom.Id807012_VsScL1@61522-pm,PmPnlByInitX,939.4010999999999
20190628,ShengShi9*819198*CnCom.Id807012_VsScL1_Old*ZZMA_SQsc@ShengShi9@CnCom.Id807012_VsScL1@61522,ZZMA_SQsc@ShengShi9@CnCom.Id807012_VsScL1@61522-pm,PmPnlByInitX,-1962.126
20190626,ShengShi9*819198*CnCom.Id807012_VsScL1_Old*DLv_SQsc@ShengShi9@CnCom.Id807012_VsScL1@61610,DLv_SQsc@ShengShi9@CnCom.Id807012_VsScL1@61610-pm,LivePnl,131.10000000000002
20190627,ShengShi9*819198*CnCom.Id807012_VsScL1_Old*DLv_SQsc@ShengShi9@CnCom.Id807012_VsScL1@61610,DLv_SQsc@ShengShi9@CnCom.Id807012_VsScL1@61610-pm,LivePnl,11.599999999999909
20190628,ShengShi9*819198*CnCom.Id807012_VsScL1_Old*DLv_SQsc@ShengShi9@CnCom.Id807012_VsScL1@61610,DLv_SQsc@ShengShi9@CnCom.Id807012_VsScL1@61610-pm,LivePnl,-1406.6999999999998
20190626,ShengShi9*819198*CnCom.Id807012_VsScL1_Old*DLv_SQsc@ShengShi9@CnCom.Id807012_VsScL1@61610,DLv_SQsc@ShengShi9@CnCom.Id807012_VsScL1@61610-pm,PmPnlByInitX,1097.52775
20190627,ShengShi9*819198*CnCom.Id807012_VsScL1_Old*DLv_SQsc@ShengShi9@CnCom.Id807012_VsScL1@61610,DLv_SQsc@ShengShi9@CnCom.Id807012_VsScL1@61610-pm,PmPnlByInitX,928.12225
20190628,ShengShi9*819198*CnCom.Id807012_VsScL1_Old*DLv_SQsc@ShengShi9@CnCom.Id807012_VsScL1@61610,DLv_SQsc@ShengShi9@CnCom.Id807012_VsScL1@61610-pm,PmPnlByInitX,-502.744
20190620,ShengShi9*819198*CnCom.Id807012_VsScL1_Old*DLl_SQsc@ShengShi9@CnCom.Id807012_VsScL1@61504,DLl_SQsc@ShengShi9@CnCom.Id807012_VsScL1@61504-pm,LivePnl,211.79999999999995
20190621,ShengShi9*819198*CnCom.Id807012_VsScL1_Old*DLl_SQsc@ShengShi9@CnCom.Id807012_VsScL1@61504,DLl_SQsc@ShengShi9@CnCom.Id807012_VsScL1@61504-pm,LivePnl,74.39999999999998
20190624,ShengShi9*819198*CnCom.Id807012_VsScL1_Old*DLl_SQsc@ShengShi9@CnCom.Id807012_VsScL1@61504,DLl_SQsc@ShengShi9@CnCom.Id807012_VsScL1@61504-pm,LivePnl,-294.5
20190625,ShengShi9*819198*CnCom.Id807012_VsScL1_Old*DLl_SQsc@ShengShi9@CnCom.Id807012_VsScL1@61504,DLl_SQsc@ShengShi9@CnCom.Id807012_VsScL1@61504-pm,LivePnl,-1560.250000000009
20190626,ShengShi9*819198*CnCom.Id807012_VsScL1_Old*DLl_SQsc@ShengShi9@CnCom.Id807012_VsScL1@61504,DLl_SQsc@ShengShi9@CnCom.Id807012_VsScL1@61504-pm,LivePnl,-89.80000000000018
20190627,ShengShi9*819198*CnCom.Id807012_VsScL1_Old*DLl_SQsc@ShengShi9@CnCom.Id807012_VsScL1@61504,DLl_SQsc@ShengShi9@CnCom.Id807012_VsScL1@61504-pm,LivePnl,-1832.9
20190628,ShengShi9*819198*CnCom.Id807012_VsScL1_Old*DLl_SQsc@ShengShi9@CnCom.Id807012_VsScL1@61504,DLl_SQsc@ShengShi9@CnCom.Id807012_VsScL1@61504-pm,LivePnl,-2500.8
20190620,ShengShi9*819198*CnCom.Id807012_VsScL1_Old*DLl_SQsc@ShengShi9@CnCom.Id807012_VsScL1@61504,DLl_SQsc@ShengShi9@CnCom.Id807012_VsScL1@61504-pm,PmPnlByInitX,686.0168000000001
20190621,ShengShi9*819198*CnCom.Id807012_VsScL1_Old*DLl_SQsc@ShengShi9@CnCom.Id807012_VsScL1@61504,DLl_SQsc@ShengShi9@CnCom.Id807012_VsScL1@61504-pm,PmPnlByInitX,496.7522000000001
20190624,ShengShi9*819198*CnCom.Id807012_VsScL1_Old*DLl_SQsc@ShengShi9@CnCom.Id807012_VsScL1@61504,DLl_SQsc@ShengShi9@CnCom.Id807012_VsScL1@61504-pm,PmPnlByInitX,640.5126000000001
20190625,ShengShi9*819198*CnCom.Id807012_VsScL1_Old*DLl_SQsc@ShengShi9@CnCom.Id807012_VsScL1@61504,DLl_SQsc@ShengShi9@CnCom.Id807012_VsScL1@61504-pm,PmPnlByInitX,-9.044
20190626,ShengShi9*819198*CnCom.Id807012_VsScL1_Old*DLl_SQsc@ShengShi9@CnCom.Id807012_VsScL1@61504,DLl_SQsc@ShengShi9@CnCom.Id807012_VsScL1@61504-pm,PmPnlByInitX,-1399.8495000000003
20190627,ShengShi9*819198*CnCom.Id807012_VsScL1_Old*DLl_SQsc@ShengShi9@CnCom.Id807012_VsScL1@61504,DLl_SQsc@ShengShi9@CnCom.Id807012_VsScL1@61504-pm,PmPnlByInitX,1392.6675000000002
20190628,ShengShi9*819198*CnCom.Id807012_VsScL1_Old*DLl_SQsc@ShengShi9@CnCom.Id807012_VsScL1@61504,DLl_SQsc@ShengShi9@CnCom.Id807012_VsScL1@61504-pm,PmPnlByInitX,-1969.0510000000002
20190618,ShengShi9*819198*CnCom.Id807012.CnOilS2L1,CnCom.Id807012.CnOilS2L1-pm,LivePnl,-1343.4191300000273
20190619,ShengShi9*819198*CnCom.Id807012.CnOilS2L1,CnCom.Id807012.CnOilS2L1-pm,LivePnl,1762.0805
20190620,ShengShi9*819198*CnCom.Id807012.CnOilS2L1,CnCom.Id807012.CnOilS2L1-pm,LivePnl,-493.29875000000004
20190618,ShengShi9*819198*CnCom.Id807012.CnOilS2L1,CnCom.Id807012.CnOilS2L1-pm,PmPnlByInitX,-8717.280836861999
20190619,ShengShi9*819198*CnCom.Id807012.CnOilS2L1,CnCom.Id807012.CnOilS2L1-pm,PmPnlByInitX,4167.61791795
20190620,ShengShi9*819198*CnCom.Id807012.CnOilS2L1,CnCom.Id807012.CnOilS2L1-pm,PmPnlByInitX,-178.56273744249998
20190618,ShengShi9*819198*CnCom.Id807012.CnOilS2L1,CnCom.Id807012.CnOilS2L1-sub,CnCom.Id807012.CnOilS2L1,-1343.4191300000273
20190619,ShengShi9*819198*CnCom.Id807012.CnOilS2L1,CnCom.Id807012.CnOilS2L1-sub,CnCom.Id807012.CnOilS2L1,1762.0805
20190620,ShengShi9*819198*CnCom.Id807012.CnOilS2L1,CnCom.Id807012.CnOilS2L1-sub,CnCom.Id807012.CnOilS2L1,-493.29875000000004
20190618,ShengShi9*819198*CnCom.Id807012.CnOilS2L1,CnCom.Id807012.CnOilS2L1-sub,SQfu_SQsc@ShengShi9@CnCom.Id807012.CnOilS2L1@61222,-1343.4191300000273
20190619,ShengShi9*819198*CnCom.Id807012.CnOilS2L1,CnCom.Id807012.CnOilS2L1-sub,SQfu_SQsc@ShengShi9@CnCom.Id807012.CnOilS2L1@61222,1762.0805
20190620,ShengShi9*819198*CnCom.Id807012.CnOilS2L1,CnCom.Id807012.CnOilS2L1-sub,SQfu_SQsc@ShengShi9@CnCom.Id807012.CnOilS2L1@61222,-493.29875000000004
20190618,ShengShi9*819198*CnCom.Id807012.CnOilS2L1*SQfu_SQsc@ShengShi9@CnCom.Id807012.CnOilS2L1@61222,SQfu_SQsc@ShengShi9@CnCom.Id807012.CnOilS2L1@61222-pm,LivePnl,-1343.4191300000273
20190619,ShengShi9*819198*CnCom.Id807012.CnOilS2L1*SQfu_SQsc@ShengShi9@CnCom.Id807012.CnOilS2L1@61222,SQfu_SQsc@ShengShi9@CnCom.Id807012.CnOilS2L1@61222-pm,LivePnl,1762.0805
20190620,ShengShi9*819198*CnCom.Id807012.CnOilS2L1*SQfu_SQsc@ShengShi9@CnCom.Id807012.CnOilS2L1@61222,SQfu_SQsc@ShengShi9@CnCom.Id807012.CnOilS2L1@61222-pm,LivePnl,-493.29875000000004
20190618,ShengShi9*819198*CnCom.Id807012.CnOilS2L1*SQfu_SQsc@ShengShi9@CnCom.Id807012.CnOilS2L1@61222,SQfu_SQsc@ShengShi9@CnCom.Id807012.CnOilS2L1@61222-pm,PmPnlByInitX,-8717.280836861999
20190619,ShengShi9*819198*CnCom.Id807012.CnOilS2L1*SQfu_SQsc@ShengShi9@CnCom.Id807012.CnOilS2L1@61222,SQfu_SQsc@ShengShi9@CnCom.Id807012.CnOilS2L1@61222-pm,PmPnlByInitX,4167.61791795
20190620,ShengShi9*819198*CnCom.Id807012.CnOilS2L1*SQfu_SQsc@ShengShi9@CnCom.Id807012.CnOilS2L1@61222,SQfu_SQsc@ShengShi9@CnCom.Id807012.CnOilS2L1@61222-pm,PmPnlByInitX,-178.56273744249998
20190703,ShengShi9*819198*Id807035.MFA_T0_B,Id807035.MFA_T0_B-pm,LivePnl,2959.751700000019
20190704,ShengShi9*819198*Id807035.MFA_T0_B,Id807035.MFA_T0_B-pm,LivePnl,2367.3850999999954
20190705,ShengShi9*819198*Id807035.MFA_T0_B,Id807035.MFA_T0_B-pm,LivePnl,11850.0
20190708,ShengShi9*819198*Id807035.MFA_T0_B,Id807035.MFA_T0_B-pm,LivePnl,-9861.87645
20190703,ShengShi9*819198*Id807035.MFA_T0_B,Id807035.MFA_T0_B-pm,PmPnlByInitX,4070.0157385625
20190704,ShengShi9*819198*Id807035.MFA_T0_B,Id807035.MFA_T0_B-pm,PmPnlByInitX,7372.34826446395
20190705,ShengShi9*819198*Id807035.MFA_T0_B,Id807035.MFA_T0_B-pm,PmPnlByInitX,13562.3505
20190708,ShengShi9*819198*Id807035.MFA_T0_B,Id807035.MFA_T0_B-pm,PmPnlByInitX,-10596.75456491445
20190703,ShengShi9*819198*Id807035.MFA_T0_B,Id807035.MFA_T0_B-sub,Id807035.MFA_T0_B,2959.751700000019
20190704,ShengShi9*819198*Id807035.MFA_T0_B,Id807035.MFA_T0_B-sub,Id807035.MFA_T0_B,2367.3850999999954
20190705,ShengShi9*819198*Id807035.MFA_T0_B,Id807035.MFA_T0_B-sub,Id807035.MFA_T0_B,11850.0
20190708,ShengShi9*819198*Id807035.MFA_T0_B,Id807035.MFA_T0_B-sub,Id807035.MFA_T0_B,-9861.87645
20190703,ShengShi9*819198*Id807035.MFA_T0_B,Id807035.MFA_T0_B-sub,DLi_DLj@ShengShi9@Id807035.MFA@26201,2875.5938
20190704,ShengShi9*819198*Id807035.MFA_T0_B,Id807035.MFA_T0_B-sub,DLi_DLj@ShengShi9@Id807035.MFA@26201,2650.4442
20190705,ShengShi9*819198*Id807035.MFA_T0_B,Id807035.MFA_T0_B-sub,DLi_DLj@ShengShi9@Id807035.MFA@26201,6250.0
20190708,ShengShi9*819198*Id807035.MFA_T0_B,Id807035.MFA_T0_B-sub,DLi_DLj@ShengShi9@Id807035.MFA@26201,-6748.4060500000005
20190703,ShengShi9*819198*Id807035.MFA_T0_B,Id807035.MFA_T0_B-sub,DLi_SQrb@ShengShi9@Id807035.MFA@26204,2367.7209000000003
20190704,ShengShi9*819198*Id807035.MFA_T0_B,Id807035.MFA_T0_B-sub,DLi_SQrb@ShengShi9@Id807035.MFA@26204,24.744600000009086
20190705,ShengShi9*819198*Id807035.MFA_T0_B,Id807035.MFA_T0_B-sub,DLi_SQrb@ShengShi9@Id807035.MFA@26204,5600.0
20190708,ShengShi9*819198*Id807035.MFA_T0_B,Id807035.MFA_T0_B-sub,DLi_SQrb@ShengShi9@Id807035.MFA@26204,-3113.4704
20190703,ShengShi9*819198*Id807035.MFA_T0_B,Id807035.MFA_T0_B-sub,SQrb_SQhc@ShengShi9@Id807035.MFA@26219,-1999.3214499999817
20190704,ShengShi9*819198*Id807035.MFA_T0_B,Id807035.MFA_T0_B-sub,SQrb_SQhc@ShengShi9@Id807035.MFA@26219,-1880.3231500000136
20190705,ShengShi9*819198*Id807035.MFA_T0_B,Id807035.MFA_T0_B-sub,SQrb_SQhc@ShengShi9@Id807035.MFA@26219,0.0
20190703,ShengShi9*819198*Id807035.MFA_T0_B,Id807035.MFA_T0_B-sub,DLj_SQrb@ShengShi9@Id807035.MFA@26213,-284.24154999999996
20190704,ShengShi9*819198*Id807035.MFA_T0_B,Id807035.MFA_T0_B-sub,DLj_SQrb@ShengShi9@Id807035.MFA@26213,1572.51945
20190705,ShengShi9*819198*Id807035.MFA_T0_B,Id807035.MFA_T0_B-sub,DLj_SQrb@ShengShi9@Id807035.MFA@26213,0.0
20190703,ShengShi9*819198*Id807035.MFA_T0_B*DLi_DLj@ShengShi9@Id807035.MFA@26201,DLi_DLj@ShengShi9@Id807035.MFA@26201-pm,LivePnl,2875.5938
20190704,ShengShi9*819198*Id807035.MFA_T0_B*DLi_DLj@ShengShi9@Id807035.MFA@26201,DLi_DLj@ShengShi9@Id807035.MFA@26201-pm,LivePnl,2650.4442
20190705,ShengShi9*819198*Id807035.MFA_T0_B*DLi_DLj@ShengShi9@Id807035.MFA@26201,DLi_DLj@ShengShi9@Id807035.MFA@26201-pm,LivePnl,6250.0
20190708,ShengShi9*819198*Id807035.MFA_T0_B*DLi_DLj@ShengShi9@Id807035.MFA@26201,DLi_DLj@ShengShi9@Id807035.MFA@26201-pm,LivePnl,-6748.4060500000005
20190703,ShengShi9*819198*Id807035.MFA_T0_B*DLi_DLj@ShengShi9@Id807035.MFA@26201,DLi_DLj@ShengShi9@Id807035.MFA@26201-pm,PmPnlByInitX,2059.036
20190704,ShengShi9*819198*Id807035.MFA_T0_B*DLi_DLj@ShengShi9@Id807035.MFA@26201,DLi_DLj@ShengShi9@Id807035.MFA@26201-pm,PmPnlByInitX,2543.5767894
20190705,ShengShi9*819198*Id807035.MFA_T0_B*DLi_DLj@ShengShi9@Id807035.MFA@26201,DLi_DLj@ShengShi9@Id807035.MFA@26201-pm,PmPnlByInitX,6691.414
20190708,ShengShi9*819198*Id807035.MFA_T0_B*DLi_DLj@ShengShi9@Id807035.MFA@26201,DLi_DLj@ShengShi9@Id807035.MFA@26201-pm,PmPnlByInitX,-6777.381444726
